# nu(GHz) flux_zeta1(mJy) flux_zeta2(mJy) flux_zeta3(mJy) flux_zeta4(mJy)
4.999999999999999289e+01 5.776552833150038445e-03 2.767330021772051313e-03 2.470307936237377700e-03 2.470004354306410636e-03
6.974753969812114462e+01 1.047338466473715993e-02 5.486811151722953070e-03 4.672503919556363072e-03 4.671664588094877335e-03
9.729438587881928413e+01 1.895186060597406005e-02 1.103474159614177726e-02 8.808429477094866650e-03 8.806107559479121535e-03
1.357208808297453118e+02 3.441638298399099516e-02 2.286925938047684737e-02 1.684634721835995275e-02 1.683995973579265060e-02
1.893239504707325978e+02 6.273659965530693772e-02 4.781959917846981267e-02 3.156897390551560711e-02 3.155133623872951459e-02
2.640975950252498023e+02 1.145485365094804225e-01 1.025079214549299012e-01 5.911178198519544125e-02 5.906313816203351275e-02
3.684031498640386530e+02 2.093752196282821221e-01 2.248317941100429207e-01 1.105585130144405986e-01 1.104245532381273459e-01
5.139042664010981980e+02 3.827130109573404493e-01 5.017206178200197542e-01 2.064840225609100022e-01 2.061158248471617049e-01
7.168711644368854650e+02 6.966975387612671655e-01 1.128320819852840273e+00 3.848356047552567993e-01 3.838262278379084846e-01
1.000000000000000000e+03 1.250871985231572836e+00 2.523796638413523752e+00 7.136975047443909759e-01 7.109399470022332856e-01
