# nu(GHz) flux_zeta1(mJy) flux_zeta2(mJy) flux_zeta3(mJy) flux_zeta4(mJy)
4.999999999999999289e+01 1.217271731049954968e-03 5.805467597738769858e-04 5.178917909588337271e-04 5.178277659774674357e-04
6.974753969812114462e+01 2.202802253347960464e-03 1.142715972565600847e-03 9.708294056366160779e-04 9.706522947254974960e-04
9.729438587881928413e+01 3.990021967393723133e-03 2.286104769588774826e-03 1.816407949412421211e-03 1.815918307726172801e-03
1.357208808297453118e+02 7.236948250148645713e-03 4.661057145404638551e-03 3.384341119084124851e-03 3.382988323703687520e-03
1.893239504707325978e+02 1.315034766148479202e-02 9.645349748026115985e-03 6.194893178865955828e-03 6.191153031194567349e-03
2.640975950252498023e+02 2.393989903702107777e-02 1.984294600293919769e-02 1.052188765749546145e-02 1.051146064489201851e-02
3.684031498640386530e+02 4.362714168074168647e-02 4.060750959086783379e-02 1.543730228605147761e-02 1.540790342910930769e-02
5.139042664010981980e+02 7.947487580789959483e-02 8.631715948092019697e-02 1.955954379379901478e-02 1.947685147805715278e-02
7.168711644368854650e+02 1.444276415406779979e-01 1.934735898292422318e-01 2.240693949279067704e-02 2.217747051444272227e-02
1.000000000000000000e+03 2.581307058252200193e-01 4.444740655274335706e-01 2.433904874692486425e-02 2.371174744355155836e-02
