# nu [GHz] F_nu [mJy]
97500000000.000046 0.011697
99418318325.282410 0.012119
101374379678.227493 0.012555
103368926655.159546 0.013008
105402716463.030350 0.013477
107476521206.882370 0.013964
109591128182.972229 0.014469
111747340177.656982 0.014994
113945975772.163254 0.015537
116187869653.352188 0.016102
118473872930.598801 0.016688
120804853458.906387 0.017297
123181696168.375824 0.017929
125605303400.162079 0.018586
128076595249.035751 0.019269
130596509912.686996 0.019977
133166004047.901642 0.020714
135786053133.744873 0.021480
138457651841.891357 0.022275
141181814414.238708 0.023102
143959575047.956116 0.023962
146791988288.103363 0.024855
149680129427.977234 0.025784
152625094917.334412 0.026749
155628002778.646027 0.027752
158689993031.542786 0.028795
161812228125.607788 0.029878
164995893381.691132 0.031004
168242197441.900696 0.032174
171552372728.450134 0.033389
174927675911.533783 0.034650
178369388386.407135 0.035960
181878816759.854553 0.037318
185457293346.224823 0.038728
189106176673.233337 0.040189
192826851997.708710 0.041703
196620731831.490387 0.043270
200489256477.672729 0.044892
204433894577.399445 0.046569
208456143667.417419 0.048301
212557530748.595856 0.050089
216739612865.639984 0.051932
221003977698.201630 0.053831
225352244163.624756 0.055784
229786063031.548737 0.057791
234307117550.604218 0.059851
238917124087.439209 0.061962
243617832778.319122 0.064123
248411028193.541931 0.066332
253298530014.935852 0.068585
258282193726.676727 0.070882
263363911319.702515 0.073218
268545612009.985840 0.075592
273829262970.940002 0.078000
279216870080.229431 0.080438
284710478681.284668 0.082903
290312174359.789551 0.085392
296024083735.450562 0.087902
301848375269.344299 0.090429
307787260087.148315 0.092970
313842992818.570068 0.095524
320017872453.292664 0.098086
326314243213.754456 0.100657
332734495445.114380 0.103234
339281066522.713806 0.105819
345956441777.399597 0.108410
352763155439.051575 0.111010
359703791598.675232 0.113623
366780985189.416626 0.116252
373997422986.893372 0.118903
381355844629.192200 0.121584
388859043656.943115 0.124304
396509868573.854736 0.127074
404311223928.116577 0.129908
412266071415.077087 0.132822
420377431001.619385 0.135833
428648382072.650452 0.138963
437082064600.164307 0.142234
445681680335.289917 0.145673
454450494023.800903 0.149308
463391834645.539185 0.153171
472509096678.225769 0.157297
481805741386.127869 0.161723
491285298134.099792 0.166490
500951365727.458313 0.171642
510807613778.229675 0.177223
520857784098.276184 0.183283
531105692119.831970 0.189873
541555228343.988342 0.197047
552210359817.680298 0.204858
563075131639.721558 0.213365
574153668496.493408 0.222625
585450176227.825928 0.232698
596968943423.699097 0.243644
608714343052.356812 0.255521
620690834120.454834 0.268389
632902963365.873413 0.282308
645355366983.824829 0.297333
658052772386.946899 0.313520
671000000000.000610 0.330923
