# nu [GHz] F_nu [mJy]
97500000000.000000 0.004126
103292929292.929291 0.004845
109085858585.858582 0.005636
114878787878.787872 0.006502
120671717171.717163 0.007446
126464646464.646454 0.008469
132257575757.575760 0.009572
138050505050.505066 0.010759
143843434343.434326 0.012031
149636363636.363647 0.013389
155429292929.292908 0.014835
161222222222.222229 0.016371
167015151515.151520 0.017998
172808080808.080811 0.019716
178601010101.010101 0.021528
184393939393.939392 0.023435
190186868686.868683 0.025437
195979797979.797974 0.027535
201772727272.727264 0.029730
207565656565.656555 0.032024
213358585858.585846 0.034416
219151515151.515137 0.036908
224944444444.444458 0.039500
230737373737.373718 0.042192
236530303030.303040 0.044986
242323232323.232330 0.047881
248116161616.161621 0.050877
253909090909.090912 0.053976
259702020202.020203 0.057177
265494949494.949493 0.060480
271287878787.878784 0.063886
277080808080.808105 0.067395
282873737373.737366 0.071006
288666666666.666626 0.074720
294459595959.595947 0.078536
300252525252.525269 0.082455
306045454545.454529 0.086476
311838383838.383789 0.090599
317631313131.313110 0.094824
323424242424.242432 0.099150
329217171717.171692 0.103577
335010101010.101013 0.108105
340803030303.030273 0.112733
346595959595.959595 0.117461
352388888888.888916 0.122288
358181818181.818176 0.127214
363974747474.747437 0.132239
369767676767.676758 0.137360
375560606060.606079 0.142579
381353535353.535339 0.147895
387146464646.464661 0.153306
392939393939.393921 0.158812
398732323232.323242 0.164412
404525252525.252502 0.170105
410318181818.181824 0.175892
416111111111.111084 0.181770
421904040404.040405 0.187739
427696969696.969666 0.193798
433489898989.898987 0.199946
439282828282.828247 0.206183
445075757575.757568 0.212507
450868686868.686829 0.218917
456661616161.616150 0.225413
462454545454.545410 0.231993
468247474747.474731 0.238656
474040404040.404053 0.245402
479833333333.333313 0.252229
485626262626.262634 0.259137
491419191919.191895 0.266123
497212121212.121216 0.273188
503005050505.050476 0.280329
508797979797.979797 0.287547
514590909090.909058 0.294839
520383838383.838379 0.302205
526176767676.767639 0.309643
531969696969.696960 0.317152
537762626262.626221 0.324731
543555555555.555542 0.332379
549348484848.484802 0.340094
555141414141.414062 0.347876
560934343434.343384 0.355724
566727272727.272705 0.363635
572520202020.202026 0.371608
578313131313.131348 0.379643
584106060606.060547 0.387739
589898989898.989868 0.395893
595691919191.919189 0.404105
601484848484.848389 0.412373
607277777777.777832 0.420697
613070707070.707031 0.429074
618863636363.636353 0.437504
624656565656.565674 0.445985
630449494949.494873 0.454516
636242424242.424194 0.463096
642035353535.353516 0.471723
647828282828.282837 0.480396
653621212121.212158 0.489114
659414141414.141357 0.497876
665207070707.070679 0.506679
671000000000.000000 0.515524
