# nu (GHz) flux_fixed_Mpdot flux_fixed_alpha
9.750000e+10 9.668688e-03 1.063780e-02
1.032929e+11 1.084605e-02 1.188991e-02
1.090859e+11 1.215478e-02 1.320325e-02
1.148788e+11 1.348352e-02 1.455143e-02
1.206717e+11 1.492256e-02 1.600064e-02
1.264646e+11 1.639641e-02 1.746109e-02
1.322576e+11 1.797963e-02 1.895056e-02
1.380505e+11 1.957750e-02 2.048317e-02
1.438434e+11 2.124112e-02 2.205876e-02
1.496364e+11 2.304166e-02 2.367760e-02
1.554293e+11 2.484083e-02 2.542221e-02
1.612222e+11 2.670409e-02 2.717771e-02
1.670152e+11 2.863050e-02 2.901697e-02
1.728081e+11 3.061883e-02 3.084387e-02
1.786010e+11 3.277892e-02 3.270464e-02
1.843939e+11 3.494539e-02 3.468259e-02
1.901869e+11 3.712144e-02 3.664418e-02
1.959798e+11 3.935333e-02 3.876902e-02
2.017727e+11 4.163911e-02 4.083706e-02
2.075657e+11 4.407638e-02 4.295610e-02
2.133586e+11 4.661511e-02 4.512685e-02
2.191515e+11 4.906497e-02 4.741266e-02
2.249444e+11 5.165703e-02 4.969179e-02
2.307374e+11 5.423409e-02 5.223584e-02
2.365303e+11 5.682649e-02 5.463290e-02
2.423232e+11 5.946154e-02 5.708447e-02
2.481162e+11 6.304714e-02 5.959092e-02
2.539091e+11 6.581231e-02 6.215256e-02
2.597020e+11 6.880481e-02 6.483944e-02
2.654949e+11 7.165968e-02 6.757244e-02
2.712879e+11 7.455448e-02 7.030741e-02
2.770808e+11 7.754512e-02 7.309890e-02
2.828737e+11 8.052087e-02 7.594707e-02
2.886667e+11 8.361423e-02 7.906010e-02
2.944596e+11 8.667097e-02 8.203082e-02
3.002525e+11 8.976652e-02 8.505902e-02
3.060455e+11 9.290085e-02 8.829996e-02
3.118384e+11 9.607411e-02 9.173591e-02
3.176313e+11 9.928637e-02 9.495422e-02
3.234242e+11 1.025379e-01 9.823088e-02
3.292172e+11 1.058290e-01 1.015660e-01
3.350101e+11 1.091598e-01 1.051903e-01
3.408030e+11 1.128971e-01 1.086506e-01
3.465960e+11 1.163209e-01 1.125670e-01
3.523889e+11 1.197858e-01 1.161586e-01
3.581818e+11 1.232921e-01 1.198095e-01
3.639747e+11 1.268400e-01 1.235198e-01
3.697677e+11 1.304301e-01 1.272895e-01
3.755606e+11 1.342776e-01 1.311186e-01
3.813535e+11 1.379597e-01 1.350073e-01
3.871465e+11 1.420321e-01 1.390284e-01
3.929394e+11 1.458116e-01 1.430385e-01
3.987323e+11 1.496354e-01 1.471082e-01
4.045253e+11 1.535763e-01 1.512377e-01
4.103182e+11 1.574916e-01 1.554269e-01
4.161111e+11 1.614521e-01 1.596759e-01
4.219040e+11 1.654583e-01 1.639848e-01
4.276970e+11 1.695103e-01 1.683536e-01
4.334899e+11 1.739651e-01 1.730317e-01
4.392828e+11 1.786502e-01 1.775270e-01
4.450758e+11 1.828656e-01 1.820823e-01
4.508687e+11 1.871284e-01 1.866977e-01
4.566616e+11 1.914388e-01 1.913731e-01
4.624545e+11 1.957972e-01 1.961087e-01
4.682475e+11 2.002038e-01 2.009043e-01
4.740404e+11 2.046589e-01 2.057601e-01
4.798333e+11 2.091627e-01 2.112501e-01
4.856263e+11 2.137155e-01 2.169296e-01
4.914192e+11 2.183174e-01 2.221502e-01
4.972121e+11 2.229686e-01 2.280851e-01
5.030051e+11 2.276694e-01 2.332955e-01
5.087980e+11 2.324200e-01 2.385667e-01
5.145909e+11 2.372961e-01 2.438987e-01
5.203838e+11 2.421485e-01 2.495762e-01
5.261768e+11 2.482500e-01 2.550361e-01
5.319697e+11 2.532297e-01 2.605567e-01
5.377626e+11 2.582603e-01 2.661382e-01
5.435556e+11 2.633420e-01 2.720236e-01
5.493485e+11 2.686499e-01 2.777318e-01
5.551414e+11 2.738378e-01 2.836176e-01
5.609343e+11 2.790772e-01 2.894498e-01
5.667273e+11 2.843682e-01 2.958801e-01
5.725202e+11 2.897109e-01 3.018447e-01
5.783131e+11 2.951055e-01 3.078701e-01
5.841061e+11 3.005521e-01 3.146607e-01
5.898990e+11 3.060507e-01 3.208216e-01
5.956919e+11 3.116015e-01 3.270432e-01
6.014848e+11 3.172045e-01 3.333255e-01
6.072778e+11 3.228600e-01 3.396685e-01
6.130707e+11 3.285678e-01 3.460721e-01
6.188636e+11 3.343282e-01 3.525362e-01
6.246566e+11 3.405165e-01 3.590608e-01
6.304495e+11 3.463892e-01 3.656459e-01
6.362424e+11 3.526187e-01 3.722913e-01
6.420354e+11 3.586027e-01 3.789970e-01
6.478283e+11 3.646397e-01 3.857629e-01
6.536212e+11 3.707299e-01 3.925890e-01
6.594141e+11 3.768731e-01 3.994752e-01
6.652071e+11 3.830696e-01 4.064215e-01
6.710000e+11 3.893193e-01 4.134277e-01
