# nu (GHz) T_1000 (mJy) T_10000 (mJy)
9.750000e+10 1.035524e-02 1.049340e-02
9.941832e+10 1.076623e-02 1.091038e-02
1.013744e+11 1.119352e-02 1.134393e-02
1.033689e+11 1.163776e-02 1.179471e-02
1.054027e+11 1.209963e-02 1.226340e-02
1.074765e+11 1.257980e-02 1.275071e-02
1.095911e+11 1.307903e-02 1.325739e-02
1.117473e+11 1.359805e-02 1.378420e-02
1.139460e+11 1.413765e-02 1.433194e-02
1.161879e+11 1.469865e-02 1.490146e-02
1.184739e+11 1.528189e-02 1.549360e-02
1.208049e+11 1.588826e-02 1.610927e-02
1.231817e+11 1.651868e-02 1.674941e-02
1.256053e+11 1.717408e-02 1.741498e-02
1.280766e+11 1.785547e-02 1.810701e-02
1.305965e+11 1.856388e-02 1.882653e-02
1.331660e+11 1.930036e-02 1.957464e-02
1.357861e+11 2.006604e-02 2.035249e-02
1.384577e+11 2.086207e-02 2.116124e-02
1.411818e+11 2.168965e-02 2.200212e-02
1.439596e+11 2.255004e-02 2.287643e-02
1.467920e+11 2.344452e-02 2.378547e-02
1.496801e+11 2.437444e-02 2.473063e-02
1.526251e+11 2.534122e-02 2.571334e-02
1.556280e+11 2.634631e-02 2.673509e-02
1.586900e+11 2.739123e-02 2.779742e-02
1.618122e+11 2.847754e-02 2.890194e-02
1.649959e+11 2.960690e-02 3.005030e-02
1.682422e+11 3.078099e-02 3.124421e-02
1.715524e+11 3.200159e-02 3.248545e-02
1.749277e+11 3.327054e-02 3.377583e-02
1.783694e+11 3.458974e-02 3.511722e-02
1.818788e+11 3.596118e-02 3.651153e-02
1.854573e+11 3.738691e-02 3.796070e-02
1.891062e+11 3.886906e-02 3.946669e-02
1.928269e+11 4.040983e-02 4.103146e-02
1.966207e+11 4.201148e-02 4.265697e-02
2.004893e+11 4.367635e-02 4.434515e-02
2.044339e+11 4.540681e-02 4.609786e-02
2.084561e+11 4.720528e-02 4.789276e-02
2.125575e+11 4.907419e-02 4.977830e-02
2.167396e+11 5.101595e-02 5.173328e-02
2.210040e+11 5.303293e-02 5.375908e-02
2.253522e+11 5.512740e-02 5.585683e-02
2.297861e+11 5.730149e-02 5.802746e-02
2.343071e+11 5.955713e-02 6.027161e-02
2.389171e+11 6.189596e-02 6.258962e-02
2.436178e+11 6.431926e-02 6.498147e-02
2.484110e+11 6.682790e-02 6.744681e-02
2.532985e+11 6.942221e-02 6.998488e-02
2.582822e+11 7.210190e-02 7.259453e-02
2.633639e+11 7.486603e-02 7.527417e-02
2.685456e+11 7.771283e-02 7.802180e-02
2.738293e+11 8.063973e-02 8.083497e-02
2.792169e+11 8.364323e-02 8.371081e-02
2.847105e+11 8.671888e-02 8.664604e-02
2.903122e+11 8.986124e-02 8.963695e-02
2.960241e+11 9.306390e-02 9.267946e-02
3.018484e+11 9.631943e-02 9.576912e-02
3.077873e+11 9.961945e-02 9.890116e-02
3.138430e+11 1.029547e-01 1.020705e-01
3.200179e+11 1.063149e-01 1.052718e-01
3.263142e+11 1.096894e-01 1.084995e-01
3.327345e+11 1.130664e-01 1.117479e-01
3.392811e+11 1.164338e-01 1.150111e-01
3.459564e+11 1.197791e-01 1.182831e-01
3.527632e+11 1.230895e-01 1.215579e-01
3.597038e+11 1.263518e-01 1.248295e-01
3.667810e+11 1.295531e-01 1.280919e-01
3.739974e+11 1.326803e-01 1.313392e-01
3.813558e+11 1.357207e-01 1.345656e-01
3.888590e+11 1.386619e-01 1.377653e-01
3.965099e+11 1.414921e-01 1.409329e-01
4.043112e+11 1.441998e-01 1.440631e-01
4.122661e+11 1.467743e-01 1.471509e-01
4.203774e+11 1.492057e-01 1.501914e-01
4.286484e+11 1.514848e-01 1.531800e-01
4.370821e+11 1.536032e-01 1.561125e-01
4.456817e+11 1.555537e-01 1.589850e-01
4.544505e+11 1.573295e-01 1.617937e-01
4.633918e+11 1.589252e-01 1.645352e-01
4.725091e+11 1.603360e-01 1.672066e-01
4.818057e+11 1.615583e-01 1.698050e-01
4.912853e+11 1.625892e-01 1.723280e-01
5.009514e+11 1.634267e-01 1.747735e-01
5.108076e+11 1.640696e-01 1.771396e-01
5.208578e+11 1.645178e-01 1.794248e-01
5.311057e+11 1.647715e-01 1.816278e-01
5.415552e+11 1.648319e-01 1.837476e-01
5.522104e+11 1.647008e-01 1.857834e-01
5.630751e+11 1.643806e-01 1.877347e-01
5.741537e+11 1.638742e-01 1.896013e-01
5.854502e+11 1.650805e-01 1.913831e-01
5.969689e+11 1.666993e-01 1.930803e-01
6.087143e+11 1.682724e-01 1.946931e-01
6.206908e+11 1.697999e-01 1.962222e-01
6.329030e+11 1.712822e-01 1.976681e-01
6.453554e+11 1.727194e-01 1.990318e-01
6.580528e+11 1.741119e-01 2.003142e-01
6.710000e+11 1.754602e-01 2.015164e-01
