# nu [GHz] F_nu [mJy]
97500000000.000046 0.004992
99418318325.282410 0.005264
101374379678.227493 0.005588
103368926655.159546 0.005887
105402716463.030350 0.006201
107476521206.882370 0.006534
109591128182.972229 0.006885
111747340177.656982 0.007307
113945975772.163254 0.007691
116187869653.352188 0.008097
118473872930.598801 0.008525
120804853458.906387 0.009055
123181696168.375824 0.009522
125605303400.162079 0.010015
128076595249.035751 0.010534
130596509912.686996 0.011082
133166004047.901642 0.011763
135786053133.744873 0.012358
138457651841.891357 0.012984
141181814414.238708 0.013645
143959575047.956116 0.014341
146791988288.103363 0.015205
149680129427.977234 0.015956
152625094917.334412 0.016746
155628002778.646027 0.017578
158689993031.542786 0.018454
161812228125.607788 0.019531
164995893381.691132 0.020467
168242197441.900696 0.021451
171552372728.450134 0.022486
174927675911.533783 0.023574
178369388386.407135 0.024718
181878816759.854553 0.025922
185457293346.224823 0.027188
189106176673.233337 0.028702
192826851997.708710 0.030042
196620731831.490387 0.031449
200489256477.672729 0.032926
204433894577.399445 0.034478
208456143667.417419 0.036109
212557530748.595856 0.037822
216739612865.639984 0.039622
221003977698.201630 0.041513
225352244163.624756 0.043502
229786063031.548737 0.045592
234307117550.604218 0.048105
238917124087.439209 0.050299
243617832778.319122 0.052601
248411028193.541931 0.055016
253298530014.935852 0.057551
258282193726.676727 0.060210
263363911319.702515 0.063002
268545612009.985840 0.065933
273829262970.940002 0.069010
279216870080.229431 0.072241
284710478681.284668 0.075634
290312174359.789551 0.079199
296024083735.450562 0.082943
301848375269.344299 0.087030
307787260087.148315 0.090896
313842992818.570068 0.094947
320017872453.292664 0.099192
326314243213.754456 0.103641
332734495445.114380 0.108305
339281066522.713806 0.113194
345956441777.399597 0.118322
352763155439.051575 0.123699
359703791598.675232 0.129339
366780985189.416626 0.135257
373997422986.893372 0.141465
381355844629.192200 0.147994
388859043656.943115 0.154273
396509868573.854736 0.160840
404311223928.116577 0.167707
412266071415.077087 0.174890
420377431001.619385 0.182405
428648382072.650452 0.190269
437082064600.164307 0.198499
445681680335.289917 0.207113
454450494023.800903 0.216133
463391834645.539185 0.225578
472509096678.225769 0.235470
481805741386.127869 0.245604
491285298134.099792 0.255309
500951365727.458313 0.265426
510807613778.229675 0.275974
520857784098.276184 0.286975
531105692119.831970 0.298450
541555228343.988342 0.310423
552210359817.680298 0.322918
563075131639.721558 0.335960
574153668496.493408 0.349578
585450176227.825928 0.363799
596968943423.699097 0.378655
608714343052.356812 0.393702
620690834120.454834 0.407598
632902963365.873413 0.422017
645355366983.824829 0.436983
658052772386.946899 0.452520
671000000000.000610 0.468656
