# nu [GHz] F_nu [mJy]
97500000000.000046 0.011829
99418318325.282410 0.012255
101374379678.227493 0.012698
103368926655.159546 0.013156
105402716463.030350 0.013632
107476521206.882370 0.014126
109591128182.972229 0.014638
111747340177.656982 0.015170
113945975772.163254 0.015722
116187869653.352188 0.016294
118473872930.598801 0.016889
120804853458.906387 0.017507
123181696168.375824 0.018149
125605303400.162079 0.018816
128076595249.035751 0.019508
130596509912.686996 0.020228
133166004047.901642 0.020976
135786053133.744873 0.021753
138457651841.891357 0.022561
141181814414.238708 0.023400
143959575047.956116 0.024272
146791988288.103363 0.025179
149680129427.977234 0.026121
152625094917.334412 0.027099
155628002778.646027 0.028116
158689993031.542786 0.029173
161812228125.607788 0.030270
164995893381.691132 0.031410
168242197441.900696 0.032593
171552372728.450134 0.033821
174927675911.533783 0.035095
178369388386.407135 0.036416
181878816759.854553 0.037786
185457293346.224823 0.039205
189106176673.233337 0.040674
192826851997.708710 0.042195
196620731831.490387 0.043767
200489256477.672729 0.045392
204433894577.399445 0.047070
208456143667.417419 0.048800
212557530748.595856 0.050584
216739612865.639984 0.052420
221003977698.201630 0.054308
225352244163.624756 0.056248
229786063031.548737 0.058238
234307117550.604218 0.060278
238917124087.439209 0.062365
243617832778.319122 0.064499
248411028193.541931 0.066676
253298530014.935852 0.068895
258282193726.676727 0.071153
263363911319.702515 0.073447
268545612009.985840 0.075775
273829262970.940002 0.078134
279216870080.229431 0.080521
284710478681.284668 0.082932
290312174359.789551 0.085365
296024083735.450562 0.087816
301848375269.344299 0.090284
307787260087.148315 0.092766
313842992818.570068 0.095260
320017872453.292664 0.097764
326314243213.754456 0.100278
332734495445.114380 0.102803
339281066522.713806 0.105337
345956441777.399597 0.107885
352763155439.051575 0.110448
359703791598.675232 0.113031
366780985189.416626 0.115640
373997422986.893372 0.118282
381355844629.192200 0.120966
388859043656.943115 0.123703
396509868573.854736 0.126506
404311223928.116577 0.129390
412266071415.077087 0.132372
420377431001.619385 0.135472
428648382072.650452 0.138711
437082064600.164307 0.142114
445681680335.289917 0.145708
454450494023.800903 0.149523
463391834645.539185 0.153590
472509096678.225769 0.157946
481805741386.127869 0.162626
491285298134.099792 0.167672
500951365727.458313 0.173125
510807613778.229675 0.179031
520857784098.276184 0.185435
531105692119.831970 0.192388
541555228343.988342 0.199939
552210359817.680298 0.208140
563075131639.721558 0.217045
574153668496.493408 0.226708
585450176227.825928 0.237183
596968943423.699097 0.248525
608714343052.356812 0.260789
620690834120.454834 0.274028
632902963365.873413 0.288296
645355366983.824829 0.303645
658052772386.946899 0.320125
671000000000.000610 0.337784
