# nu (GHz) flux_fixed_Mpdot flux_fixed_alpha
9.750000e+10 9.668691e-03 1.072201e-02
1.032929e+11 1.084606e-02 1.198022e-02
1.090859e+11 1.215478e-02 1.329926e-02
1.148788e+11 1.348352e-02 1.469228e-02
1.206717e+11 1.492257e-02 1.612219e-02
1.264646e+11 1.639642e-02 1.757305e-02
1.322576e+11 1.797964e-02 1.906776e-02
1.380505e+11 1.957751e-02 2.060600e-02
1.438434e+11 2.124113e-02 2.218769e-02
1.496364e+11 2.304167e-02 2.388999e-02
1.554293e+11 2.484084e-02 2.557330e-02
1.612222e+11 2.670410e-02 2.733792e-02
1.670152e+11 2.863051e-02 2.917882e-02
1.728081e+11 3.061885e-02 3.101564e-02
1.786010e+11 3.277893e-02 3.288715e-02
1.843939e+11 3.494540e-02 3.487727e-02
1.901869e+11 3.712147e-02 3.695945e-02
1.959798e+11 3.935336e-02 3.899059e-02
2.017727e+11 4.163914e-02 4.107299e-02
2.075657e+11 4.407641e-02 4.320724e-02
2.133586e+11 4.661514e-02 4.539405e-02
2.191515e+11 4.906501e-02 4.769721e-02
2.249444e+11 5.165707e-02 5.002563e-02
2.307374e+11 5.423415e-02 5.255841e-02
2.365303e+11 5.682654e-02 5.497494e-02
2.423232e+11 5.946161e-02 5.744676e-02
2.481162e+11 6.304721e-02 5.997425e-02
2.539091e+11 6.581239e-02 6.262473e-02
2.597020e+11 6.880489e-02 6.532219e-02
2.654949e+11 7.165977e-02 6.802425e-02
2.712879e+11 7.455457e-02 7.078330e-02
2.770808e+11 7.754522e-02 7.359958e-02
2.828737e+11 8.052099e-02 7.667453e-02
2.886667e+11 8.361435e-02 7.961423e-02
2.944596e+11 8.667110e-02 8.261194e-02
3.002525e+11 8.976665e-02 8.608607e-02
3.060455e+11 9.290099e-02 8.921656e-02
3.118384e+11 9.607426e-02 9.240575e-02
3.176313e+11 9.928653e-02 9.565391e-02
3.234242e+11 1.025381e-01 9.896108e-02
3.292172e+11 1.058291e-01 1.025518e-01
3.350101e+11 1.091599e-01 1.063595e-01
3.408030e+11 1.128972e-01 1.098655e-01
3.465960e+11 1.163211e-01 1.134312e-01
3.523889e+11 1.197860e-01 1.170568e-01
3.581818e+11 1.232923e-01 1.207423e-01
3.639747e+11 1.268402e-01 1.244878e-01
3.697677e+11 1.304303e-01 1.282934e-01
3.755606e+11 1.342778e-01 1.321590e-01
3.813535e+11 1.379599e-01 1.360848e-01
3.871465e+11 1.420323e-01 1.401440e-01
3.929394e+11 1.458119e-01 1.441925e-01
3.987323e+11 1.496357e-01 1.483012e-01
4.045253e+11 1.535765e-01 1.524704e-01
4.103182e+11 1.574918e-01 1.566999e-01
4.161111e+11 1.614524e-01 1.609898e-01
4.219040e+11 1.654585e-01 1.655783e-01
4.276970e+11 1.695106e-01 1.699958e-01
4.334899e+11 1.739654e-01 1.744738e-01
4.392828e+11 1.786505e-01 1.790125e-01
4.450758e+11 1.828659e-01 1.836118e-01
4.508687e+11 1.871287e-01 1.882718e-01
4.566616e+11 1.914391e-01 1.929925e-01
4.624545e+11 1.957975e-01 1.977738e-01
4.682475e+11 2.002041e-01 2.038137e-01
4.740404e+11 2.046592e-01 2.087463e-01
4.798333e+11 2.091630e-01 2.137400e-01
4.856263e+11 2.137158e-01 2.197192e-01
4.914192e+11 2.183177e-01 2.248573e-01
4.972121e+11 2.229689e-01 2.300566e-01
5.030051e+11 2.276698e-01 2.353174e-01
5.087980e+11 2.324204e-01 2.409136e-01
5.145909e+11 2.372964e-01 2.463032e-01
5.203838e+11 2.421488e-01 2.517542e-01
5.261768e+11 2.482504e-01 2.572666e-01
5.319697e+11 2.532301e-01 2.630747e-01
5.377626e+11 2.582607e-01 2.687148e-01
5.435556e+11 2.633424e-01 2.744162e-01
5.493485e+11 2.686503e-01 2.808027e-01
5.551414e+11 2.738382e-01 2.866398e-01
5.609343e+11 2.790775e-01 2.925383e-01
5.667273e+11 2.843686e-01 2.991667e-01
5.725202e+11 2.897113e-01 3.052015e-01
5.783131e+11 2.951059e-01 3.112977e-01
5.841061e+11 3.005525e-01 3.174551e-01
5.898990e+11 3.060511e-01 3.236737e-01
5.956919e+11 3.116019e-01 3.299535e-01
6.014848e+11 3.172049e-01 3.362944e-01
6.072778e+11 3.228603e-01 3.426963e-01
6.130707e+11 3.285682e-01 3.491592e-01
6.188636e+11 3.343286e-01 3.556830e-01
6.246566e+11 3.405169e-01 3.622677e-01
6.304495e+11 3.463895e-01 3.689132e-01
6.362424e+11 3.526191e-01 3.756194e-01
6.420354e+11 3.586031e-01 3.823862e-01
6.478283e+11 3.646401e-01 3.892136e-01
6.536212e+11 3.707303e-01 3.961016e-01
6.594141e+11 3.768735e-01 4.030500e-01
6.652071e+11 3.830700e-01 4.100587e-01
6.710000e+11 3.893197e-01 4.171278e-01
