# nu (GHz) flux_fixed_Mpdot flux_fixed_alpha
9.750000e+10 6.705369e-03 6.432894e-03
1.032929e+11 7.549787e-03 7.164398e-03
1.090859e+11 8.336902e-03 7.923246e-03
1.148788e+11 9.152011e-03 8.744907e-03
1.206717e+11 9.995222e-03 9.586114e-03
1.264646e+11 1.086682e-02 1.051929e-02
1.322576e+11 1.180599e-02 1.144662e-02
1.380505e+11 1.275979e-02 1.248646e-02
1.438434e+11 1.376522e-02 1.350231e-02
1.496364e+11 1.476513e-02 1.455981e-02
1.554293e+11 1.579681e-02 1.566712e-02
1.612222e+11 1.689526e-02 1.680879e-02
1.670152e+11 1.804832e-02 1.799235e-02
1.728081e+11 1.918490e-02 1.924547e-02
1.786010e+11 2.035547e-02 2.051489e-02
1.843939e+11 2.156048e-02 2.182642e-02
1.901869e+11 2.280030e-02 2.318010e-02
1.959798e+11 2.411548e-02 2.464285e-02
2.017727e+11 2.553344e-02 2.618611e-02
2.075657e+11 2.688820e-02 2.777444e-02
2.133586e+11 2.827915e-02 2.934606e-02
2.191515e+11 2.970648e-02 3.095636e-02
2.249444e+11 3.117043e-02 3.259659e-02
2.307374e+11 3.267114e-02 3.432915e-02
2.365303e+11 3.427551e-02 3.604542e-02
2.423232e+11 3.585349e-02 3.788909e-02
2.481162e+11 3.746874e-02 3.969490e-02
2.539091e+11 3.912135e-02 4.154342e-02
2.597020e+11 4.081146e-02 4.343454e-02
2.654949e+11 4.265330e-02 4.536823e-02
2.712879e+11 4.442368e-02 4.734437e-02
2.770808e+11 4.623188e-02 4.936285e-02
2.828737e+11 4.831712e-02 5.142360e-02
2.886667e+11 5.021107e-02 5.352648e-02
2.944596e+11 5.214322e-02 5.567144e-02
3.002525e+11 5.411362e-02 5.805986e-02
3.060455e+11 5.612232e-02 6.029646e-02
3.118384e+11 5.850787e-02 6.277204e-02
3.176313e+11 6.060596e-02 6.509971e-02
3.234242e+11 6.274268e-02 6.746919e-02
3.292172e+11 6.491807e-02 7.006888e-02
3.350101e+11 6.713216e-02 7.252829e-02
3.408030e+11 6.938496e-02 7.517833e-02
3.465960e+11 7.167651e-02 7.772574e-02
3.523889e+11 7.404612e-02 8.033582e-02
3.581818e+11 7.641652e-02 8.296628e-02
3.639747e+11 7.882573e-02 8.563759e-02
3.697677e+11 8.127378e-02 8.903630e-02
3.755606e+11 8.376068e-02 9.181796e-02
3.813535e+11 8.628643e-02 9.464038e-02
3.871465e+11 8.885106e-02 9.750324e-02
3.929394e+11 9.145456e-02 1.004062e-01
3.987323e+11 9.409695e-02 1.033489e-01
4.045253e+11 9.677824e-02 1.063308e-01
4.103182e+11 9.949843e-02 1.093517e-01
4.161111e+11 1.024068e-01 1.124110e-01
4.219040e+11 1.052090e-01 1.161883e-01
4.276970e+11 1.080502e-01 1.193418e-01
4.334899e+11 1.109304e-01 1.225324e-01
4.392828e+11 1.138496e-01 1.257596e-01
4.450758e+11 1.168078e-01 1.290230e-01
4.508687e+11 1.198050e-01 1.324406e-01
4.566616e+11 1.228412e-01 1.357776e-01
4.624545e+11 1.266688e-01 1.391491e-01
4.682475e+11 1.298020e-01 1.429943e-01
4.740404e+11 1.335421e-01 1.464439e-01
4.798333e+11 1.367678e-01 1.499265e-01
4.856263e+11 1.400329e-01 1.534415e-01
4.914192e+11 1.433374e-01 1.569882e-01
4.972121e+11 1.466814e-01 1.605663e-01
5.030051e+11 1.500647e-01 1.641752e-01
5.087980e+11 1.536643e-01 1.678143e-01
5.145909e+11 1.571305e-01 1.714833e-01
5.203838e+11 1.606362e-01 1.752545e-01
5.261768e+11 1.641813e-01 1.794633e-01
5.319697e+11 1.679870e-01 1.832310e-01
5.377626e+11 1.716158e-01 1.870268e-01
5.435556e+11 1.752841e-01 1.908503e-01
5.493485e+11 1.789918e-01 1.947011e-01
5.551414e+11 1.830737e-01 1.985788e-01
5.609343e+11 1.868673e-01 2.024831e-01
5.667273e+11 1.907003e-01 2.064137e-01
5.725202e+11 1.945728e-01 2.103702e-01
5.783131e+11 1.989329e-01 2.143523e-01
5.841061e+11 2.028931e-01 2.183598e-01
5.898990e+11 2.068928e-01 2.223925e-01
5.956919e+11 2.109319e-01 2.264500e-01
6.014848e+11 2.150103e-01 2.305322e-01
6.072778e+11 2.191281e-01 2.346390e-01
6.130707e+11 2.232851e-01 2.387700e-01
6.188636e+11 2.274813e-01 2.429252e-01
6.246566e+11 2.317167e-01 2.474751e-01
6.304495e+11 2.359913e-01 2.516851e-01
6.362424e+11 2.403049e-01 2.559190e-01
6.420354e+11 2.446576e-01 2.601766e-01
6.478283e+11 2.490492e-01 2.644579e-01
6.536212e+11 2.534798e-01 2.687628e-01
6.594141e+11 2.579492e-01 2.730912e-01
6.652071e+11 2.624575e-01 2.774432e-01
6.710000e+11 2.670045e-01 2.818187e-01
