# nu (GHz) flux_fixed_Mpdot flux_fixed_alpha
9.750000e+10 9.668691e-03 1.072201e-02
1.019832e+11 1.057393e-02 1.169250e-02
1.066726e+11 1.156426e-02 1.274951e-02
1.115776e+11 1.271399e-02 1.387566e-02
1.167081e+11 1.396276e-02 1.513062e-02
1.220746e+11 1.528357e-02 1.646948e-02
1.276878e+11 1.671329e-02 1.788499e-02
1.335591e+11 1.833290e-02 1.940959e-02
1.397004e+11 2.004466e-02 2.105206e-02
1.461241e+11 2.197322e-02 2.282241e-02
1.528432e+11 2.402967e-02 2.481220e-02
1.598712e+11 2.626386e-02 2.693157e-02
1.672223e+11 2.870056e-02 2.924319e-02
1.749115e+11 3.135591e-02 3.168962e-02
1.829543e+11 3.441347e-02 3.439438e-02
1.913669e+11 3.757163e-02 3.736906e-02
2.001663e+11 4.099997e-02 4.049033e-02
2.093703e+11 4.481672e-02 4.388281e-02
2.189975e+11 4.899925e-02 4.763688e-02
2.290674e+11 5.349490e-02 5.187204e-02
2.396003e+11 5.821780e-02 5.627800e-02
2.506176e+11 6.423616e-02 6.108293e-02
2.621415e+11 7.000220e-02 6.645311e-02
2.741952e+11 7.602230e-02 7.218954e-02
2.868032e+11 8.263931e-02 7.866227e-02
2.999909e+11 8.962603e-02 8.594609e-02
3.137851e+11 9.714937e-02 9.349070e-02
3.282135e+11 1.052561e-01 1.019630e-01
3.433053e+11 1.143712e-01 1.113984e-01
3.590911e+11 1.238464e-01 1.213263e-01
3.756028e+11 1.343044e-01 1.321874e-01
3.928737e+11 1.457688e-01 1.441462e-01
4.109388e+11 1.579139e-01 1.571565e-01
4.298345e+11 1.710174e-01 1.716410e-01
4.495990e+11 1.861903e-01 1.872453e-01
4.702724e+11 2.017559e-01 2.055310e-01
4.918964e+11 2.186990e-01 2.252833e-01
5.145147e+11 2.372329e-01 2.462319e-01
5.381730e+11 2.586190e-01 2.691167e-01
5.629192e+11 2.808846e-01 2.945735e-01
5.888033e+11 3.050070e-01 3.224928e-01
6.158775e+11 3.313527e-01 3.523126e-01
6.441967e+11 3.608493e-01 3.849265e-01
6.738181e+11 3.923793e-01 4.205885e-01
7.048014e+11 4.280021e-01 4.611751e-01
7.372095e+11 4.681304e-01 5.055233e-01
7.711077e+11 5.096989e-01 5.572667e-01
8.065647e+11 5.584084e-01 6.099609e-01
8.436520e+11 6.084617e-01 6.669716e-01
8.824447e+11 6.632267e-01 7.288078e-01
9.230211e+11 7.231507e-01 7.961873e-01
9.654633e+11 7.891469e-01 8.740380e-01
1.009857e+12 8.609401e-01 9.547616e-01
1.056292e+12 9.408810e-01 1.045782e+00
1.104862e+12 1.026982e+00 1.140131e+00
1.155666e+12 1.131947e+00 1.242005e+00
1.208806e+12 1.236059e+00 1.355458e+00
1.264389e+12 1.350932e+00 1.474576e+00
1.322528e+12 1.477381e+00 1.601988e+00
1.383340e+12 1.618450e+00 1.741454e+00
1.446948e+12 1.773071e+00 1.888610e+00
1.513482e+12 1.937399e+00 2.053172e+00
1.583074e+12 2.117048e+00 2.228791e+00
1.655867e+12 2.321508e+00 2.418610e+00
1.732007e+12 2.536766e+00 2.616959e+00
1.811648e+12 2.780683e+00 2.842583e+00
1.894950e+12 3.046462e+00 3.077006e+00
1.982084e+12 3.328198e+00 3.331535e+00
2.073224e+12 3.640788e+00 3.603862e+00
2.168554e+12 3.978133e+00 3.912534e+00
2.268268e+12 4.357828e+00 4.234648e+00
2.372567e+12 4.799384e+00 4.604605e+00
2.481662e+12 5.251133e+00 4.990393e+00
2.595774e+12 5.745792e+00 5.436692e+00
2.715132e+12 6.264713e+00 5.895297e+00
2.839979e+12 6.815097e+00 6.395908e+00
2.970566e+12 7.425537e+00 6.969068e+00
3.107158e+12 8.058873e+00 7.587965e+00
3.250031e+12 8.739469e+00 8.245615e+00
3.399474e+12 9.462359e+00 8.982874e+00
3.555788e+12 1.025017e+01 9.797588e+00
3.719289e+12 1.111262e+01 1.069628e+01
3.890309e+12 1.202901e+01 1.170803e+01
4.069193e+12 1.300897e+01 1.278080e+01
4.256302e+12 1.404482e+01 1.392543e+01
4.452014e+12 1.521882e+01 1.524384e+01
4.656726e+12 1.643081e+01 1.662543e+01
4.870851e+12 1.779349e+01 1.816298e+01
5.094821e+12 1.936677e+01 1.993493e+01
5.329090e+12 2.098430e+01 2.177117e+01
5.574132e+12 2.274802e+01 2.379472e+01
5.830441e+12 2.467131e+01 2.604548e+01
6.098535e+12 2.688426e+01 2.849489e+01
6.378957e+12 2.919037e+01 3.106947e+01
6.672273e+12 3.178837e+01 3.385449e+01
6.979076e+12 3.459536e+01 3.700246e+01
7.299987e+12 3.757729e+01 4.041593e+01
7.635653e+12 4.097657e+01 4.409656e+01
7.986755e+12 4.453369e+01 4.798301e+01
8.354000e+12 4.848340e+01 5.218845e+01
8.738133e+12 5.277843e+01 5.670970e+01
9.139928e+12 5.740157e+01 6.177115e+01
9.560199e+12 6.244229e+01 6.724347e+01
9.999794e+12 6.808303e+01 7.323153e+01
1.045960e+13 7.456754e+01 7.936915e+01
1.094055e+13 8.115909e+01 8.601303e+01
1.144362e+13 8.884245e+01 9.339548e+01
1.196982e+13 9.671974e+01 1.010767e+02
1.252021e+13 1.055532e+02 1.093515e+02
1.309592e+13 1.149276e+02 1.183159e+02
1.369809e+13 1.251373e+02 1.281585e+02
1.432795e+13 1.363328e+02 1.390521e+02
1.498678e+13 1.484390e+02 1.508350e+02
1.567590e+13 1.625400e+02 1.634416e+02
1.639671e+13 1.778787e+02 1.767323e+02
1.715066e+13 1.942496e+02 1.919983e+02
1.793927e+13 2.114839e+02 2.080843e+02
1.876416e+13 2.303846e+02 2.251034e+02
1.962697e+13 2.510454e+02 2.444475e+02
2.052945e+13 2.734131e+02 2.646044e+02
2.147343e+13 2.988514e+02 2.863589e+02
2.246082e+13 3.249169e+02 3.107184e+02
2.349361e+13 3.530757e+02 3.375454e+02
2.457389e+13 3.834418e+02 3.669560e+02
2.570384e+13 4.175834e+02 3.986185e+02
2.688575e+13 4.542055e+02 4.320542e+02
2.812200e+13 4.921163e+02 4.689205e+02
2.941511e+13 5.326822e+02 5.091781e+02
3.076767e+13 5.773761e+02 5.520576e+02
3.218242e+13 6.237092e+02 5.999357e+02
3.366223e+13 6.730550e+02 6.504881e+02
3.521008e+13 7.275249e+02 7.099164e+02
3.682910e+13 7.900476e+02 7.712629e+02
3.852257e+13 8.501464e+02 8.360803e+02
4.029391e+13 9.150691e+02 9.090616e+02
4.214670e+13 9.866459e+02 9.849981e+02
4.408468e+13 1.059188e+03 1.066870e+03
4.611177e+13 1.136959e+03 1.155223e+03
4.823208e+13 1.219027e+03 1.252055e+03
5.044988e+13 1.306332e+03 1.364240e+03
5.276965e+13 1.408055e+03 1.474566e+03
5.519610e+13 1.508494e+03 1.596151e+03
5.773412e+13 1.619982e+03 1.724750e+03
6.038884e+13 1.739790e+03 1.862582e+03
6.316562e+13 1.868767e+03 2.003415e+03
6.607010e+13 2.002583e+03 2.160641e+03
6.910812e+13 2.141541e+03 2.319932e+03
7.228584e+13 2.306268e+03 2.494811e+03
7.560967e+13 2.465096e+03 2.676149e+03
7.908634e+13 2.633918e+03 2.861077e+03
8.272288e+13 2.813184e+03 3.058497e+03
8.652663e+13 3.014760e+03 3.278897e+03
9.050528e+13 3.228038e+03 3.526861e+03
9.466688e+13 3.458951e+03 3.735737e+03
9.901984e+13 3.699617e+03 3.994165e+03
1.035729e+14 3.943219e+03 4.249718e+03
1.083354e+14 4.199658e+03 4.521005e+03
1.133169e+14 4.487309e+03 4.804626e+03
1.185274e+14 4.770973e+03 5.120121e+03
1.239775e+14 5.067267e+03 5.455825e+03
1.296782e+14 5.447123e+03 5.807697e+03
1.356411e+14 5.756097e+03 6.520644e+03
1.418781e+14 6.100291e+03 6.874042e+03
1.484019e+14 6.415734e+03 7.270645e+03
1.552257e+14 6.765763e+03 7.652528e+03
1.623633e+14 7.097756e+03 8.039763e+03
1.698290e+14 7.473497e+03 8.471216e+03
1.776381e+14 7.822122e+03 8.921385e+03
1.858062e+14 8.204418e+03 9.419424e+03
1.943499e+14 8.657226e+03 9.933757e+03
2.032865e+14 9.009897e+03 1.039809e+04
2.126339e+14 9.189825e+03 1.119283e+04
2.224112e+14 9.440699e+03 1.166074e+04
2.326381e+14 9.815229e+03 1.207258e+04
2.433352e+14 1.006343e+04 1.250384e+04
2.545242e+14 1.031663e+04 1.295244e+04
2.662277e+14 1.055750e+04 1.345353e+04
2.784694e+14 1.075897e+04 1.394491e+04
2.912739e+14 1.093851e+04 1.431148e+04
3.046672e+14 1.123037e+04 1.463633e+04
3.186764e+14 1.136705e+04 1.494653e+04
3.333297e+14 1.149849e+04 1.540770e+04
3.486568e+14 1.148080e+04 1.589754e+04
3.646887e+14 1.140720e+04 1.610086e+04
3.814577e+14 1.042687e+04 1.568015e+04
3.989978e+14 1.014674e+04 1.556049e+04
4.173445e+14 9.630163e+03 1.555540e+04
4.365348e+14 9.328284e+03 1.540161e+04
4.566074e+14 9.021504e+03 1.509604e+04
4.776031e+14 8.802411e+03 1.511905e+04
4.995641e+14 8.367852e+03 1.480573e+04
5.225350e+14 7.936788e+03 1.451945e+04
5.465621e+14 7.466464e+03 1.402538e+04
5.716940e+14 6.989665e+03 1.355778e+04
5.979816e+14 6.544441e+03 1.313122e+04
6.254779e+14 6.160233e+03 1.275255e+04
6.542385e+14 5.709440e+03 1.219414e+04
6.843216e+14 5.166537e+03 1.152063e+04
7.157879e+14 4.638965e+03 1.078326e+04
7.487012e+14 4.202854e+03 1.011633e+04
7.831278e+14 3.868628e+03 9.212022e+03
8.191375e+14 3.474307e+03 8.610460e+03
8.568029e+14 1.545830e+03 4.323458e+03
8.962003e+14 1.370185e+03 3.829855e+03
9.374092e+14 1.214693e+03 3.375698e+03
9.805130e+14 1.075688e+03 3.003324e+03
1.025599e+15 9.582206e+02 2.672608e+03
1.072758e+15 8.445407e+02 2.381457e+03
1.122085e+15 7.549084e+02 2.100462e+03
1.173681e+15 6.696773e+02 1.831129e+03
1.227649e+15 5.955579e+02 1.561321e+03
1.284098e+15 5.254570e+02 1.365550e+03
1.343143e+15 4.633276e+02 1.191131e+03
1.404903e+15 4.150797e+02 1.050027e+03
1.469503e+15 3.644463e+02 9.163855e+02
1.537074e+15 3.186554e+02 7.937832e+02
1.607751e+15 2.763667e+02 6.899586e+02
1.681679e+15 2.375466e+02 5.972564e+02
1.759005e+15 2.027565e+02 5.124867e+02
1.839888e+15 1.715792e+02 4.383052e+02
1.924489e+15 1.438156e+02 3.752712e+02
2.012981e+15 1.191899e+02 3.167623e+02
2.105541e+15 9.773652e+01 2.669217e+02
2.202358e+15 7.917470e+01 2.221304e+02
2.303626e+15 6.327594e+01 1.830262e+02
2.409551e+15 4.988445e+01 1.491941e+02
2.520347e+15 3.900664e+01 1.202619e+02
2.636237e+15 2.982263e+01 9.604605e+01
2.757456e+15 2.243669e+01 7.562576e+01
2.884249e+15 1.659744e+01 5.872977e+01
3.016872e+15 1.206222e+01 4.485798e+01
3.155593e+15 8.604311e+00 3.375537e+01
3.300693e+15 6.003496e+00 1.535095e+01
3.452465e+15 4.116802e+00 1.094875e+01
3.611216e+15 2.762683e+00 7.656584e+00
3.777266e+15 1.812477e+00 5.244751e+00
3.950951e+15 1.161236e+00 3.515665e+00
4.132623e+15 7.257528e-01 2.303760e+00
4.322649e+15 4.419474e-01 1.474172e+00
4.521412e+15 2.619002e-01 9.201405e-01
4.729315e+15 1.508447e-01 5.595598e-01
4.946778e+15 8.432835e-02 3.311265e-01
5.174240e+15 4.569417e-02 1.904324e-01
5.412161e+15 2.396392e-02 1.062935e-01
5.661022e+15 1.214512e-02 5.750221e-02
5.921326e+15 5.938814e-03 3.010503e-02
6.193599e+15 2.797215e-03 1.523023e-02
6.478392e+15 1.266840e-03 7.433475e-03
6.776280e+15 5.506722e-04 3.494371e-03
7.087866e+15 2.293029e-04 1.579348e-03
7.413779e+15 9.128545e-05 6.850510e-04
7.754678e+15 3.467047e-05 2.846244e-04
8.111253e+15 1.253523e-05 1.130460e-04
8.484223e+15 4.304508e-06 4.283121e-05
8.874343e+15 1.400526e-06 1.544667e-05
9.282402e+15 4.306704e-07 5.290307e-06
9.709223e+15 1.248373e-07 1.716543e-06
1.015567e+16 3.401698e-08 5.263370e-07
1.062265e+16 8.688617e-09 1.521128e-07
1.111110e+16 2.073972e-09 4.132039e-08
1.162200e+16 4.611969e-10 1.051983e-08
1.215641e+16 9.522955e-11 2.502592e-09
1.271538e+16 1.819551e-11 5.545479e-10
1.330006e+16 3.205533e-12 6.218371e-10
1.391162e+16 5.187337e-13 1.296460e-10
1.455130e+16 7.680444e-14 2.501122e-11
1.522039e+16 1.036184e-14 4.910994e-12
1.592026e+16 1.268308e-15 7.969629e-13
1.665230e+16 1.402145e-16 1.183163e-13
1.741800e+16 1.393457e-17 1.600332e-14
1.821891e+16 1.238756e-18 1.964794e-15
1.905665e+16 9.800060e-20 2.180576e-16
1.993291e+16 6.862452e-21 2.171109e-17
2.084946e+16 4.229468e-22 1.933826e-18
2.180816e+16 2.280781e-23 1.532991e-19
2.281094e+16 1.069521e-24 1.075735e-20
2.385983e+16 4.333077e-26 6.644531e-22
2.495695e+16 1.506498e-27 3.591308e-23
2.610451e+16 4.463067e-29 1.688060e-24
2.730485e+16 1.118351e-30 6.855896e-26
2.856037e+16 2.352022e-32 2.389717e-27
2.987363e+16 4.118197e-34 7.098459e-29
3.124727e+16 5.952481e-36 1.783630e-30
3.268408e+16 7.039924e-38 3.761913e-32
3.418695e+16 6.749855e-40 6.606351e-34
3.575893e+16 5.196018e-42 9.578283e-36
3.740319e+16 3.179050e-44 1.136429e-37
3.912306e+16 1.529587e-46 1.093213e-39
4.092201e+16 5.723871e-49 8.444434e-42
4.280368e+16 1.646698e-51 5.184921e-44
4.477187e+16 3.598201e-54 2.503924e-46
4.683057e+16 5.896621e-57 9.405866e-49
4.898392e+16 7.151787e-60 2.716730e-51
5.123629e+16 6.331455e-63 5.960818e-54
5.359223e+16 4.032543e-66 1.057152e-59
5.605650e+16 1.819960e-69 6.657235e-64
5.863408e+16 5.728908e-73 3.446723e-67
6.133018e+16 1.237124e-76 9.593416e-69
6.415025e+16 1.801193e-80 4.996316e-67
6.710000e+16 1.736371e-84 5.045625e-65
