# nu [GHz] F_nu [mJy]
97500000000.000046 0.010736
99418318325.282410 0.011126
101374379678.227493 0.011530
103368926655.159546 0.011957
105402716463.030350 0.012392
107476521206.882370 0.012842
109591128182.972229 0.013310
111747340177.656982 0.013795
113945975772.163254 0.014300
116187869653.352188 0.014849
118473872930.598801 0.015398
120804853458.906387 0.015982
123181696168.375824 0.016603
125605303400.162079 0.017225
128076595249.035751 0.017886
130596509912.686996 0.018534
133166004047.901642 0.019214
135786053133.744873 0.019910
138457651841.891357 0.020643
141181814414.238708 0.021390
143959575047.956116 0.022163
146791988288.103363 0.022963
149680129427.977234 0.023807
152625094917.334412 0.024711
155628002778.646027 0.025620
158689993031.542786 0.026545
161812228125.607788 0.027500
164995893381.691132 0.028528
168242197441.900696 0.029552
171552372728.450134 0.030648
174927675911.533783 0.031857
178369388386.407135 0.033043
181878816759.854553 0.034283
185457293346.224823 0.035517
189106176673.233337 0.036806
192826851997.708710 0.038123
196620731831.490387 0.039486
200489256477.672729 0.040910
204433894577.399445 0.042370
208456143667.417419 0.043917
212557530748.595856 0.045482
216739612865.639984 0.047102
221003977698.201630 0.048853
225352244163.624756 0.050730
229786063031.548737 0.052581
234307117550.604218 0.054527
238917124087.439209 0.056468
243617832778.319122 0.058545
248411028193.541931 0.060690
253298530014.935852 0.062915
258282193726.676727 0.065240
263363911319.702515 0.067560
268545612009.985840 0.069973
273829262970.940002 0.072506
279216870080.229431 0.075120
284710478681.284668 0.077817
290312174359.789551 0.080597
296024083735.450562 0.083459
301848375269.344299 0.086471
307787260087.148315 0.089921
313842992818.570068 0.093121
320017872453.292664 0.096434
326314243213.754456 0.099911
332734495445.114380 0.103465
339281066522.713806 0.107298
345956441777.399597 0.111114
352763155439.051575 0.115195
359703791598.675232 0.119502
366780985189.416626 0.123900
373997422986.893372 0.128326
381355844629.192200 0.132956
388859043656.943115 0.137776
396509868573.854736 0.142946
404311223928.116577 0.148031
412266071415.077087 0.153297
420377431001.619385 0.158750
428648382072.650452 0.164398
437082064600.164307 0.170247
445681680335.289917 0.176533
454450494023.800903 0.182816
463391834645.539185 0.189324
472509096678.225769 0.196191
481805741386.127869 0.203806
491285298134.099792 0.211427
500951365727.458313 0.219725
510807613778.229675 0.227577
520857784098.276184 0.235711
531105692119.831970 0.244190
541555228343.988342 0.253260
552210359817.680298 0.262324
563075131639.721558 0.271766
574153668496.493408 0.281500
585450176227.825928 0.291791
596968943423.699097 0.302285
608714343052.356812 0.313541
620690834120.454834 0.325257
632902963365.873413 0.337264
645355366983.824829 0.349699
658052772386.946899 0.362258
671000000000.000610 0.375271
