# nu [GHz] F_nu [mJy]
97500000000.000046 0.010213
99418318325.282410 0.010590
101374379678.227493 0.011022
103368926655.159546 0.011441
105402716463.030350 0.011868
107476521206.882370 0.012309
109591128182.972229 0.012764
111747340177.656982 0.013235
113945975772.163254 0.013734
116187869653.352188 0.014244
118473872930.598801 0.014792
120804853458.906387 0.015348
123181696168.375824 0.015924
125605303400.162079 0.016517
128076595249.035751 0.017127
130596509912.686996 0.017774
133166004047.901642 0.018430
135786053133.744873 0.019165
138457651841.891357 0.019931
141181814414.238708 0.020667
143959575047.956116 0.021457
146791988288.103363 0.022286
149680129427.977234 0.023148
152625094917.334412 0.024030
155628002778.646027 0.024930
158689993031.542786 0.025849
161812228125.607788 0.026802
164995893381.691132 0.027838
168242197441.900696 0.028863
171552372728.450134 0.029926
174927675911.533783 0.031039
178369388386.407135 0.032206
181878816759.854553 0.033391
185457293346.224823 0.034627
189106176673.233337 0.035949
192826851997.708710 0.037271
196620731831.490387 0.038716
200489256477.672729 0.040148
204433894577.399445 0.041623
208456143667.417419 0.043223
212557530748.595856 0.044862
216739612865.639984 0.046573
221003977698.201630 0.048409
225352244163.624756 0.050188
229786063031.548737 0.052033
234307117550.604218 0.053983
238917124087.439209 0.056010
243617832778.319122 0.058069
248411028193.541931 0.060237
253298530014.935852 0.062654
258282193726.676727 0.065054
263363911319.702515 0.067450
268545612009.985840 0.069991
273829262970.940002 0.072589
279216870080.229431 0.075262
284710478681.284668 0.078064
290312174359.789551 0.081044
296024083735.450562 0.084102
301848375269.344299 0.087275
307787260087.148315 0.090642
313842992818.570068 0.094069
320017872453.292664 0.097635
326314243213.754456 0.101221
332734495445.114380 0.104962
339281066522.713806 0.108855
345956441777.399597 0.112848
352763155439.051575 0.117268
359703791598.675232 0.121586
366780985189.416626 0.126064
373997422986.893372 0.130744
381355844629.192200 0.135613
388859043656.943115 0.140625
396509868573.854736 0.146093
404311223928.116577 0.151437
412266071415.077087 0.156976
420377431001.619385 0.162716
428648382072.650452 0.169038
437082064600.164307 0.175872
445681680335.289917 0.182720
454450494023.800903 0.189498
463391834645.539185 0.196578
472509096678.225769 0.203780
481805741386.127869 0.211421
491285298134.099792 0.219165
500951365727.458313 0.227193
510807613778.229675 0.235513
520857784098.276184 0.244197
531105692119.831970 0.253833
541555228343.988342 0.263127
552210359817.680298 0.272819
563075131639.721558 0.282803
574153668496.493408 0.293259
585450176227.825928 0.305009
596968943423.699097 0.316165
608714343052.356812 0.327845
620690834120.454834 0.340577
632902963365.873413 0.353412
645355366983.824829 0.366323
658052772386.946899 0.379699
671000000000.000610 0.393557
