# nu [GHz] F_nu [mJy]
97500000000.000000 0.002437
103292929292.929291 0.002887
109085858585.858582 0.003390
114878787878.787872 0.003949
120671717171.717163 0.004565
126464646464.646454 0.005243
132257575757.575760 0.005985
138050505050.505066 0.006794
143843434343.434326 0.007707
149636363636.363647 0.008647
155429292929.292908 0.009661
161222222222.222229 0.010751
167015151515.151520 0.011921
172808080808.080811 0.013173
178601010101.010101 0.014567
184393939393.939392 0.015976
190186868686.868683 0.017475
195979797979.797974 0.019064
201772727272.727264 0.020747
207565656565.656555 0.022613
213358585858.585846 0.024475
219151515151.515137 0.026437
224944444444.444458 0.028501
230737373737.373718 0.030794
236530303030.303040 0.033053
242323232323.232330 0.035420
248116161616.161621 0.037898
253909090909.090912 0.040490
259702020202.020203 0.043331
265494949494.949493 0.046134
271287878787.878784 0.049056
277080808080.808105 0.052100
282873737373.737366 0.055420
288666666666.666626 0.058688
294459595959.595947 0.062082
300252525252.525269 0.065605
306045454545.454529 0.069421
311838383838.383789 0.073179
317631313131.313110 0.077071
323424242424.242432 0.081288
329217171717.171692 0.085423
335010101010.101013 0.089695
340803030303.030273 0.094109
346595959595.959595 0.098843
352388888888.888916 0.103508
358181818181.818176 0.108317
363974747474.747437 0.113274
369767676767.676758 0.118380
375560606060.606079 0.123638
381353535353.535339 0.129050
387146464646.464661 0.134618
392939393939.393921 0.140345
398732323232.323242 0.146414
404525252525.252502 0.152419
410318181818.181824 0.158586
416111111111.111084 0.164918
421904040404.040405 0.171416
427696969696.969666 0.178084
433489898989.898987 0.184923
439282828282.828247 0.191935
445075757575.757568 0.199124
450868686868.686829 0.206686
456661616161.616150 0.214177
462454545454.545410 0.221848
468247474747.474731 0.229701
474040404040.404053 0.237737
479833333333.333313 0.245959
485626262626.262634 0.254369
491419191919.191895 0.262970
497212121212.121216 0.271762
503005050505.050476 0.280979
508797979797.979797 0.290100
514590909090.909058 0.299416
520383838383.838379 0.308930
526176767676.767639 0.318644
531969696969.696960 0.328560
537762626262.626221 0.338680
543555555555.555542 0.349006
549348484848.484802 0.359541
555141414141.414062 0.370286
560934343434.343384 0.381468
566727272727.272705 0.392566
572520202020.202026 0.403877
578313131313.131348 0.415404
584106060606.060547 0.427149
589898989898.989868 0.439113
595691919191.919189 0.451299
601484848484.848389 0.463709
607277777777.777832 0.476345
613070707070.707031 0.489209
618863636363.636353 0.502546
624656565656.565674 0.515785
630449494949.494873 0.529256
636242424242.424194 0.542959
642035353535.353516 0.556897
647828282828.282837 0.571072
653621212121.212158 0.585486
659414141414.141357 0.600141
665207070707.070679 0.615039
671000000000.000000 0.630182
