# nu [GHz] F_nu [mJy]
97500000000.000000 0.001971
103292929292.929291 0.002344
109085858585.858582 0.002761
114878787878.787872 0.003225
120671717171.717163 0.003737
126464646464.646454 0.004302
132257575757.575760 0.004921
138050505050.505066 0.005596
143843434343.434326 0.006330
149636363636.363647 0.007126
155429292929.292908 0.007987
161222222222.222229 0.008913
167015151515.151520 0.009909
172808080808.080811 0.010976
178601010101.010101 0.012117
184393939393.939392 0.013335
190186868686.868683 0.014632
195979797979.797974 0.016010
201772727272.727264 0.017472
207565656565.656555 0.019021
213358585858.585846 0.020658
219151515151.515137 0.022387
224944444444.444458 0.024210
230737373737.373718 0.026128
236530303030.303040 0.028146
242323232323.232330 0.030265
248116161616.161621 0.032488
253909090909.090912 0.034817
259702020202.020203 0.037255
265494949494.949493 0.039804
271287878787.878784 0.042467
277080808080.808105 0.045246
282873737373.737366 0.048144
288666666666.666626 0.051162
294459595959.595947 0.054305
300252525252.525269 0.057573
306045454545.454529 0.060970
311838383838.383789 0.064498
317631313131.313110 0.068160
323424242424.242432 0.071958
329217171717.171692 0.075894
335010101010.101013 0.079971
340803030303.030273 0.084192
346595959595.959595 0.088559
352388888888.888916 0.093074
358181818181.818176 0.097740
363974747474.747437 0.102559
369767676767.676758 0.107534
375560606060.606079 0.112668
381353535353.535339 0.117962
387146464646.464661 0.123420
392939393939.393921 0.129044
398732323232.323242 0.134836
404525252525.252502 0.140798
410318181818.181824 0.146934
416111111111.111084 0.153246
421904040404.040405 0.159736
427696969696.969666 0.166406
433489898989.898987 0.173260
439282828282.828247 0.180299
445075757575.757568 0.187526
450868686868.686829 0.194944
456661616161.616150 0.202556
462454545454.545410 0.210362
468247474747.474731 0.218367
474040404040.404053 0.226572
479833333333.333313 0.234981
485626262626.262634 0.243594
491419191919.191895 0.252416
497212121212.121216 0.261448
503005050505.050476 0.270693
508797979797.979797 0.280154
514590909090.909058 0.289832
520383838383.838379 0.299731
526176767676.767639 0.309853
531969696969.696960 0.320200
537762626262.626221 0.330775
543555555555.555542 0.341580
549348484848.484802 0.352618
555141414141.414062 0.363891
560934343434.343384 0.375402
566727272727.272705 0.387153
572520202020.202026 0.399147
578313131313.131348 0.411386
584106060606.060547 0.423873
589898989898.989868 0.436610
595691919191.919189 0.449599
601484848484.848389 0.462844
607277777777.777832 0.476346
613070707070.707031 0.490109
618863636363.636353 0.504133
624656565656.565674 0.518423
630449494949.494873 0.532981
636242424242.424194 0.547808
642035353535.353516 0.562908
647828282828.282837 0.578283
653621212121.212158 0.593935
659414141414.141357 0.609867
665207070707.070679 0.626082
671000000000.000000 0.642581
