# nu(GHz) flux_zeta1(mJy) flux_zeta2(mJy) flux_zeta3(mJy) flux_zeta4(mJy)
4.999999999999999289e+01 1.164874775196479174e-02 8.100734178230401851e-04 5.180058204452069829e-04 5.177101799993036584e-04
6.974753969812114462e+01 2.097034309939607016e-02 1.761370981559330726e-03 9.711923754041702685e-04 9.703889243924642468e-04
9.729438587881928413e+01 3.771944317688138287e-02 3.948985981714517313e-03 1.817630979610609845e-03 1.815450108615360549e-03
1.357208808297453118e+02 6.773378984517879065e-02 9.113003646650729220e-03 3.388146839303122961e-03 3.382236942615236570e-03
1.893239504707325978e+02 1.212317278602753207e-01 2.149959840603211242e-02 6.207247852665066096e-03 6.191264324556969983e-03
2.640975950252498023e+02 2.156865608150941305e-01 5.117210714419047346e-02 1.056913473727660001e-02 1.052595109276091394e-02
3.684031498640386530e+02 3.798163327101294895e-01 1.225042145631071860e-01 1.557673487935624587e-02 1.546019421302004954e-02
5.139042664010981980e+02 6.577561706089052329e-01 2.971741803316093611e-01 1.988609311347400849e-02 1.957339926658920731e-02
7.168711644368854650e+02 1.109576612381651284e+00 7.251516934183339647e-01 2.313822043948911972e-02 2.230844747466777939e-02
1.000000000000000000e+03 1.795692158148958884e+00 1.746679181014318960e+00 2.603369566880090608e-02 2.386420961317493525e-02
