# nu(GHz) flux_zeta1(mJy) flux_zeta2(mJy) flux_zeta3(mJy) flux_zeta4(mJy)
4.999999999999999289e+01 1.960116682339935190e-01 5.024099911920537100e-03 2.414416519797637183e-03 2.411783630233801153e-03
6.974753969812114462e+01 3.579146408561516557e-01 1.160313695316255930e-02 4.571913397021161972e-03 4.564797069746277108e-03
9.729438587881928413e+01 6.510460114991736269e-01 2.760167586072685697e-02 8.738644699130505497e-03 8.719467575223766032e-03
1.357208808297453118e+02 1.179974928571496884e+00 6.674059905184868968e-02 1.638149259599785620e-02 1.632997082570847996e-02
1.893239504707325978e+02 2.124627053712044411e+00 1.641705193916256911e-01 3.074799874077894374e-02 3.061027581129907582e-02
2.640975950252498023e+02 3.781225461510636432e+00 4.073664228651190378e-01 5.755189936874297724e-02 5.718623463768911924e-02
3.684031498640386530e+02 6.601093018972718163e+00 1.011449902726150096e+00 1.078255896360137411e-01 1.068640218700198374e-01
5.139042664010981980e+02 1.117876905771631257e+01 2.488183598144690034e+00 2.017342288481343282e-01 1.992385880803101417e-01
7.168711644368854650e+02 1.806793633933978782e+01 5.997268202954931127e+00 3.764991935833619241e-01 3.701370772140541998e-01
1.000000000000000000e+03 2.722843798078060829e+01 1.397108514555178971e+01 6.957103222730024461e-01 6.798753919384701305e-01
