# nu(GHz) flux_zeta1(mJy) flux_zeta2(mJy) flux_zeta3(mJy) flux_zeta4(mJy)
4.999999999999999289e+01 5.524136904143181481e-02 3.851374338087458927e-03 2.470300895245598934e-03 2.468902760867525050e-03
6.974753969812114462e+01 9.990542703041152550e-02 8.400270154825457622e-03 4.663468734895553740e-03 4.659668537086655155e-03
9.729438587881928413e+01 1.806599837299524558e-01 1.890911244431675922e-02 8.832119249596637883e-03 8.821805652292531025e-03
1.357208808297453118e+02 3.265796580273070404e-01 4.391339637674335217e-02 1.686940833912158391e-02 1.684148001840408276e-02
1.893239504707325978e+02 5.892760702654988858e-01 1.038631412855685610e-01 3.165167589367719192e-02 3.157616231695167808e-02
2.640975950252498023e+02 1.058480076395165170e+00 2.505299237083227770e-01 5.927275670888925568e-02 5.906921214807939191e-02
3.684031498640386530e+02 1.885335637382177465e+00 6.117854241535963800e-01 1.110373852548677542e-01 1.104912433285305945e-01
5.139042664010981980e+02 3.310446500294324856e+00 1.498141468628541029e+00 2.076313648557558955e-01 2.061749259733575979e-01
7.168711644368854650e+02 5.679572054082094645e+00 3.641413539717163861e+00 3.878675964930313746e-01 3.840170906387485594e-01
1.000000000000000000e+03 9.391615546659490832e+00 8.680257890396406495e+00 7.212606112127299962e-01 7.112005315131582073e-01
