# nu [GHz] F_nu [mJy]
97500000000.000000 0.011264
110070707070.707077 0.014191
122641414141.414139 0.017415
135212121212.121216 0.020924
147782828282.828278 0.024707
160353535353.535339 0.028751
172924242424.242432 0.033046
185494949494.949493 0.037580
198065656565.656555 0.042344
210636363636.363647 0.047325
223207070707.070709 0.052514
235777777777.777771 0.057901
248348484848.484863 0.063476
260919191919.191925 0.069228
273489898989.898987 0.075148
286060606060.606079 0.081227
298631313131.313110 0.087455
311202020202.020203 0.093824
323772727272.727295 0.100324
336343434343.434326 0.106946
348914141414.141418 0.113683
361484848484.848511 0.120526
374055555555.555542 0.127467
386626262626.262634 0.134498
399196969696.969727 0.141610
411767676767.676758 0.148798
424338383838.383850 0.156052
436909090909.090942 0.163367
449479797979.797974 0.170734
462050505050.505066 0.178148
474621212121.212158 0.185601
487191919191.919189 0.193086
499762626262.626282 0.200598
512333333333.333374 0.208131
524904040404.040405 0.215678
537474747474.747498 0.223233
550045454545.454590 0.230791
562616161616.161621 0.238346
575186868686.868652 0.245893
587757575757.575806 0.253427
600328282828.282837 0.260942
612898989898.989990 0.268435
625469696969.697021 0.275899
638040404040.404053 0.283331
650611111111.111084 0.290725
663181818181.818237 0.298078
675752525252.525269 0.305386
688323232323.232300 0.312645
700893939393.939453 0.319850
713464646464.646484 0.326998
726035353535.353516 0.334085
738606060606.060669 0.341109
751176767676.767700 0.348065
763747474747.474731 0.354950
776318181818.181885 0.361762
788888888888.888916 0.368497
801459595959.595947 0.375153
814030303030.303101 0.381726
826601010101.010132 0.388215
839171717171.717163 0.394617
851742424242.424316 0.400930
864313131313.131348 0.407151
876883838383.838379 0.413278
889454545454.545532 0.419310
902025252525.252563 0.425244
914595959595.959595 0.431078
927166666666.666748 0.436812
939737373737.373779 0.442443
952308080808.080811 0.447970
964878787878.787964 0.453391
977449494949.494995 0.458706
990020202020.202026 0.463913
1002590909090.909180 0.469010
1015161616161.616211 0.473998
1027732323232.323242 0.478875
1040303030303.030396 0.483640
1052873737373.737427 0.488293
1065444444444.444458 0.492833
1078015151515.151611 0.497258
1090585858585.858643 0.501570
1103156565656.565674 0.505767
1115727272727.272949 0.509849
1128297979797.979980 0.513816
1140868686868.687012 0.517667
1153439393939.394043 0.521403
1166010101010.101074 0.525023
1178580808080.808105 0.528527
1191151515151.515137 0.531915
1203722222222.222168 0.535188
1216292929292.929443 0.538346
1228863636363.636475 0.541388
1241434343434.343506 0.544316
1254005050505.050537 0.547129
1266575757575.757568 0.549828
1279146464646.464600 0.552413
1291717171717.171875 0.554885
1304287878787.878906 0.557245
1316858585858.585938 0.559492
1329429292929.292969 0.561628
1342000000000.000000 0.563653
