# nu [GHz] F_nu [mJy]
97500000000.000046 0.004992
99418318325.282410 0.005263
101374379678.227493 0.005588
103368926655.159546 0.005886
105402716463.030350 0.006201
107476521206.882370 0.006533
109591128182.972229 0.006942
111747340177.656982 0.007306
113945975772.163254 0.007690
116187869653.352188 0.008096
118473872930.598801 0.008524
120804853458.906387 0.009053
123181696168.375824 0.009520
125605303400.162079 0.010013
128076595249.035751 0.010532
130596509912.686996 0.011080
133166004047.901642 0.011760
135786053133.744873 0.012355
138457651841.891357 0.012982
141181814414.238708 0.013642
143959575047.956116 0.014338
146791988288.103363 0.015201
149680129427.977234 0.015952
152625094917.334412 0.016742
155628002778.646027 0.017574
158689993031.542786 0.018450
161812228125.607788 0.019526
164995893381.691132 0.020462
168242197441.900696 0.021445
171552372728.450134 0.022480
174927675911.533783 0.023568
178369388386.407135 0.024712
181878816759.854553 0.025915
185457293346.224823 0.027181
189106176673.233337 0.028695
192826851997.708710 0.030034
196620731831.490387 0.031441
200489256477.672729 0.032918
204433894577.399445 0.034470
208456143667.417419 0.036100
212557530748.595856 0.037812
216739612865.639984 0.039612
221003977698.201630 0.041504
225352244163.624756 0.043492
229786063031.548737 0.045582
234307117550.604218 0.048093
238917124087.439209 0.050287
243617832778.319122 0.052589
248411028193.541931 0.055004
253298530014.935852 0.057537
258282193726.676727 0.060197
263363911319.702515 0.062988
268545612009.985840 0.065918
273829262970.940002 0.068995
279216870080.229431 0.072226
284710478681.284668 0.075619
290312174359.789551 0.079183
296024083735.450562 0.082927
301848375269.344299 0.087011
307787260087.148315 0.090877
313842992818.570068 0.094927
320017872453.292664 0.099172
326314243213.754456 0.103620
332734495445.114380 0.108284
339281066522.713806 0.113173
345956441777.399597 0.118300
352763155439.051575 0.123676
359703791598.675232 0.129316
366780985189.416626 0.135233
373997422986.893372 0.141441
381355844629.192200 0.147966
388859043656.943115 0.154245
396509868573.854736 0.160811
404311223928.116577 0.167677
412266071415.077087 0.174860
420377431001.619385 0.182374
428648382072.650452 0.190237
437082064600.164307 0.198466
445681680335.289917 0.207081
454450494023.800903 0.216100
463391834645.539185 0.225544
472509096678.225769 0.235435
481805741386.127869 0.245564
491285298134.099792 0.255268
500951365727.458313 0.265384
510807613778.229675 0.275932
520857784098.276184 0.286932
531105692119.831970 0.298406
541555228343.988342 0.310378
552210359817.680298 0.322872
563075131639.721558 0.335914
574153668496.493408 0.349531
585450176227.825928 0.363752
596968943423.699097 0.378607
608714343052.356812 0.393645
620690834120.454834 0.407540
632902963365.873413 0.421958
645355366983.824829 0.436923
658052772386.946899 0.452460
671000000000.000610 0.468595
