# nu [GHz] F_nu [mJy]
97500000000.000046 0.009230
99418318325.282410 0.009575
101374379678.227493 0.009933
103368926655.159546 0.010319
105402716463.030350 0.010704
107476521206.882370 0.011103
109591128182.972229 0.011521
111747340177.656982 0.011956
113945975772.163254 0.012401
116187869653.352188 0.012862
118473872930.598801 0.013340
120804853458.906387 0.013840
123181696168.375824 0.014354
125605303400.162079 0.014899
128076595249.035751 0.015506
130596509912.686996 0.016083
133166004047.901642 0.016704
135786053133.744873 0.017327
138457651841.891357 0.018003
141181814414.238708 0.018675
143959575047.956116 0.019372
146791988288.103363 0.020095
149680129427.977234 0.020847
152625094917.334412 0.021644
155628002778.646027 0.022455
158689993031.542786 0.023335
161812228125.607788 0.024230
164995893381.691132 0.025141
168242197441.900696 0.026086
171552372728.450134 0.027094
174927675911.533783 0.028161
178369388386.407135 0.029254
181878816759.854553 0.030405
185457293346.224823 0.031555
189106176673.233337 0.032749
192826851997.708710 0.033990
196620731831.490387 0.035343
200489256477.672729 0.036685
204433894577.399445 0.038078
208456143667.417419 0.039535
212557530748.595856 0.041039
216739612865.639984 0.042672
221003977698.201630 0.044406
225352244163.624756 0.046114
229786063031.548737 0.047873
234307117550.604218 0.049700
238917124087.439209 0.051671
243617832778.319122 0.053644
248411028193.541931 0.055694
253298530014.935852 0.057821
258282193726.676727 0.060030
263363911319.702515 0.062357
268545612009.985840 0.064765
273829262970.940002 0.067289
279216870080.229431 0.069857
284710478681.284668 0.072521
290312174359.789551 0.075522
296024083735.450562 0.078398
301848375269.344299 0.081381
307787260087.148315 0.084605
313842992818.570068 0.087919
320017872453.292664 0.091252
326314243213.754456 0.095933
332734495445.114380 0.099566
339281066522.713806 0.103611
345956441777.399597 0.107818
352763155439.051575 0.111883
359703791598.675232 0.116166
366780985189.416626 0.120533
373997422986.893372 0.125056
381355844629.192200 0.129742
388859043656.943115 0.134648
396509868573.854736 0.139679
404311223928.116577 0.144961
412266071415.077087 0.150621
420377431001.619385 0.156228
428648382072.650452 0.162038
437082064600.164307 0.168057
445681680335.289917 0.174295
454450494023.800903 0.180760
463391834645.539185 0.187593
472509096678.225769 0.194543
481805741386.127869 0.201748
491285298134.099792 0.209217
500951365727.458313 0.217310
510807613778.229675 0.226067
520857784098.276184 0.234439
531105692119.831970 0.243180
541555228343.988342 0.252711
552210359817.680298 0.262295
563075131639.721558 0.272025
574153668496.493408 0.282285
585450176227.825928 0.293139
596968943423.699097 0.304038
608714343052.356812 0.315494
620690834120.454834 0.327547
632902963365.873413 0.339759
645355366983.824829 0.353208
658052772386.946899 0.366404
671000000000.000610 0.380188
