# nu [GHz] F_nu [mJy]
97500000000.000046 0.009439
99418318325.282410 0.009798
101374379678.227493 0.010170
103368926655.159546 0.010571
105402716463.030350 0.010973
107476521206.882370 0.011390
109591128182.972229 0.011830
111747340177.656982 0.012285
113945975772.163254 0.012762
116187869653.352188 0.013395
118473872930.598801 0.013905
120804853458.906387 0.014434
123181696168.375824 0.015003
125605303400.162079 0.015574
128076595249.035751 0.016166
130596509912.686996 0.016799
133166004047.901642 0.017464
135786053133.744873 0.018126
138457651841.891357 0.018835
141181814414.238708 0.019567
143959575047.956116 0.020328
146791988288.103363 0.021132
149680129427.977234 0.021979
152625094917.334412 0.022806
155628002778.646027 0.023664
158689993031.542786 0.024562
161812228125.607788 0.025484
164995893381.691132 0.026451
168242197441.900696 0.027441
171552372728.450134 0.028514
174927675911.533783 0.029578
178369388386.407135 0.030681
181878816759.854553 0.031824
185457293346.224823 0.033008
189106176673.233337 0.034259
192826851997.708710 0.035532
196620731831.490387 0.036851
200489256477.672729 0.038218
204433894577.399445 0.039635
208456143667.417419 0.041105
212557530748.595856 0.042753
216739612865.639984 0.044417
221003977698.201630 0.046090
225352244163.624756 0.047918
229786063031.548737 0.049723
234307117550.604218 0.051568
238917124087.439209 0.053547
243617832778.319122 0.055560
248411028193.541931 0.057677
253298530014.935852 0.059821
258282193726.676727 0.062116
263363911319.702515 0.064494
268545612009.985840 0.066897
273829262970.940002 0.069405
279216870080.229431 0.072103
284710478681.284668 0.074797
290312174359.789551 0.077593
296024083735.450562 0.080521
301848375269.344299 0.083591
307787260087.148315 0.086881
313842992818.570068 0.090141
320017872453.292664 0.093526
326314243213.754456 0.097200
332734495445.114380 0.100856
339281066522.713806 0.104878
345956441777.399597 0.110053
352763155439.051575 0.114210
359703791598.675232 0.118526
366780985189.416626 0.123100
373997422986.893372 0.127757
381355844629.192200 0.132591
388859043656.943115 0.137647
396509868573.854736 0.142857
404311223928.116577 0.148454
412266071415.077087 0.154072
420377431001.619385 0.160036
428648382072.650452 0.166089
437082064600.164307 0.172366
445681680335.289917 0.179360
454450494023.800903 0.186419
463391834645.539185 0.193654
472509096678.225769 0.201024
481805741386.127869 0.208589
491285298134.099792 0.216859
500951365727.458313 0.225478
510807613778.229675 0.233933
520857784098.276184 0.242693
531105692119.831970 0.251769
541555228343.988342 0.261170
552210359817.680298 0.270908
563075131639.721558 0.281399
574153668496.493408 0.292066
585450176227.825928 0.302914
596968943423.699097 0.314151
608714343052.356812 0.325863
620690834120.454834 0.338036
632902963365.873413 0.350535
645355366983.824829 0.363485
658052772386.946899 0.376902
671000000000.000610 0.391329
