# nu [GHz] F_nu [mJy]
10000000000.000000 0.000108
10304479322.602316 0.000115
10618229410.993824 0.000122
10941532540.823364 0.000129
11274679582.449472 0.000137
11617970262.631710 0.000145
11971713434.189657 0.000154
12336227353.872768 0.000163
12711839968.690302 0.000173
13098889210.959835 0.000184
13497723302.339418 0.000195
13908701067.116398 0.000207
14332192255.035769 0.000219
14768577873.957653 0.000232
15218250532.643871 0.000246
15681614793.981045 0.000261
16159087538.959158 0.000277
16651098341.732538 0.000294
17158089856.100065 0.000312
17680518213.753494 0.000330
18218853434.651653 0.000351
18773579849.889011 0.000371
19345196537.440483 0.000393
19934217771.173256 0.000417
20541173483.530643 0.000441
21166609742.302849 0.000467
21811089241.915154 0.000495
22475191809.674854 0.000524
23159514927.431545 0.000555
23864674269.121803 0.000596
24591304254.680416 0.000630
25340058620.817669 0.000667
26111611009.174622 0.000706
26906655572.387379 0.000746
27725907598.604813 0.000790
28570104155.020569 0.000839
29440004751.000397 0.000888
30336392021.399632 0.000942
31260072430.687035 0.000998
32211876998.506527 0.001057
33192662047.331829 0.001118
34203309972.885750 0.001184
35244730038.015877 0.001253
36317859190.743538 0.001328
37423662907.219772 0.001408
38563136060.348541 0.001491
39737303814.856125 0.001579
40947222549.614937 0.001676
42193980808.050240 0.001779
43478700277.483269 0.001886
44802536798.294991 0.002003
46166681403.815819 0.002123
47572361391.878891 0.002249
49020841428.998077 0.002383
50513424688.167557 0.002533
52051454021.305199 0.002685
53636313167.392456 0.002845
55269427997.401787 0.003017
56952267797.128189 0.003202
58686346589.081718 0.003394
60473224494.626549 0.003596
62314509137.596466 0.003813
64211857090.647583 0.004040
66166975365.647293 0.004281
68181622949.444931 0.004544
70257612386.401993 0.004821
72396811409.108765 0.005115
74601144618.750076 0.005426
76872595216.637207 0.005747
79213206788.461578 0.006087
81625085142.872360 0.006470
84110400206.038177 0.006862
86671387973.892242 0.007265
89310352523.821564 0.007708
92029668087.604294 0.008158
94831781187.466873 0.008753
97719212837.179962 0.009269
100694560810.169571 0.009808
103760501976.691391 0.010393
106919794712.164871 0.010995
110175281378.838730 0.011636
113529890883.013565 0.012316
116986641310.130569 0.013028
120548642640.093445 0.013781
124219099545.261871 0.014582
128001314273.642441 0.015489
131898689619.866913 0.016407
135914731986.625931 0.017358
140053054539.321686 0.018395
144317380456.773468 0.019462
148711546280.895386 0.020593
153239505368.370361 0.021809
157905331447.417267 0.023109
162713222282.857635 0.024486
167667503452.770081 0.025918
172772632240.141479 0.027493
178033201643.011200 0.029149
183453944506.709747 0.030908
189039737781.922333 0.032727
194795606912.397461 0.034719
200726730356.256836 0.036768
206838444244.961914 0.038941
213136247184.143311 0.041322
219625805200.606079 0.043876
226312956839.952972 0.046492
233203718419.428558 0.049251
240304289440.696472 0.052250
247621058167.429871 0.055353
255160607372.718628 0.058642
262929720261.481659 0.062159
270935386573.204895 0.065929
279184808870.485474 0.069842
287685409019.059753 0.074080
296444834865.127869 0.078612
305470967115.996826 0.083391
314771926430.212097 0.088417
324356080723.580505 0.093739
334232052697.646240 0.100421
344408727597.382324 0.106903
354895261205.099976 0.113170
365701088077.748596 0.119862
376835930035.032837 0.126855
388309804905.960876 0.134289
400133035541.719727 0.142089
412316259102.974792 0.150655
424870436629.934265 0.159372
437806862903.817566 0.168579
451137176608.575623 0.178305
464873370802.025696 0.188715
479027803705.791260 0.199583
493613209823.790710 0.211071
508642711399.260925 0.224282
524129830220.606140 0.237196
540088499786.729858 0.251434
556533077842.764038 0.266146
573478359297.498657 0.281664
590939589534.097656 0.298309
608932478126.118408 0.315706
627473212971.157471 0.334302
646578474854.813110 0.354469
666265452458.116333 0.375147
686551857821.890747 0.397585
707455942281.987915 0.420765
728996512889.688110 0.445335
751192949332.095337 0.472706
774065221367.722534 0.500396
797633906792.928101 0.530624
821920209955.423096 0.562777
846945980831.457642 0.595873
872733734683.889282 0.632441
899306672318.763184 0.669700
926688700958.695435 0.709714
954904455751.807739 0.751553
983979321935.532104 0.796080
1013939457675.293823 0.844085
1044811817598.562866 0.904318
1076624177045.493286 0.958403
1109405157057.897461 1.016336
1143184250129.147949 1.077274
1177991846738.043945 1.143402
1213859262690.628906 1.214811
1250818767294.487793 1.285968
1288903612390.891602 1.361401
1328148062270.937256 1.440350
1368587424502.514893 1.523649
1410258081695.972412 1.613868
1453197524236.895508 1.706734
1497444384015.596680 1.805995
1543038469183.567627 1.909918
1590020799968.193848 2.019173
1638433645577.984619 2.135249
1688320562231.420654 2.263783
1739726432343.799072 2.399155
1792697504907.137207 2.537456
1847281437099.635986 2.688024
1903527337162.029053 2.845603
1961485808579.429443 3.010932
2021208995608.461426 3.190016
2082750630190.510010 3.372690
2146166080293.505371 3.567193
2211512399725.488770 3.777762
2278848379464.992676 3.997707
2348234600554.281250 4.228028
2419733488603.080078 4.480177
2493409369951.880371 4.741084
2569328529545.191406 5.026485
2647559270567.063965 5.336255
2728171975892.237793 5.650300
2811239171408.466797 6.038646
2896835591266.809570 6.390421
2985038245118.729492 6.762720
3075926487400.305176 7.171974
3169582088726.108887 7.589326
3266089309456.884766 8.052625
3365534975507.094238 8.537993
3468008556460.774414 9.046037
3573602246065.781250 9.567950
3682411045179.003418 10.152842
3794532847236.942383 10.734616
3910068526328.820312 11.349936
4029122027951.343750 12.021213
4151800462526.613281 12.706824
4278214201767.621582 13.424746
4408476977977.785156 14.181906
4542705986374.042969 14.984728
4681021990525.308594 15.904446
4823549431001.457031 16.832531
4970416537330.468750 17.820938
5121755443364.241211 18.887883
5277702306157.268555 19.967386
5438397428464.790039 21.156127
5603985384970.904297 22.371448
5774615152359.826172 23.673406
5950440243347.760742 25.035145
6131618844795.768555 26.526595
6318313960027.669922 28.076158
6510693555481.467773 29.693304
6708930711825.866211 31.698788
6913203779678.127930 33.529799
7123696540062.944336 35.467483
7340598369757.197266 37.608251
7564104411669.129883 39.909602
7794415750404.951172 42.219378
8031739593181.363281 44.674385
8276289456246.334961 47.277929
8528285356976.192383 50.057494
8787954011821.328125 53.055653
9055529040279.257812 56.124681
9331251175078.240234 59.454840
9615368478760.228516 62.963621
9908136566858.685547 66.787110
10209818837871.480469 70.634753
10520686710236.228516 74.697095
10841019866520.619141 78.984756
11171106505048.218750 83.828909
11511243599185.759766 88.701175
11861737164524.791016 93.759478
12222902534198.914062 99.092468
12595064642583.564453 104.869036
12978558317634.185547 110.851879
13373728582124.921875 117.174034
13780930964060.185547 123.768622
14200531816536.816406 130.863456
14632908647345.994141 138.382504
15078450458610.541016 146.112607
15537558096763.509766 154.509994
16010644613183.177734 163.255657
16498135635807.953125 172.860395
17000469752067.146484 182.956305
17518098903470.203125 193.435871
18051488792211.101562 204.265366
18601119300152.671875 217.143494
19167484920568.128906 229.256114
19751095203028.597656 242.279435
20352475211835.714844 255.627779
20972165998413.730469 269.695776
21610725088083.765625 284.522074
22268726981660.226562 300.461642
22946763672319.410156 316.946799
23645445178205.636719 335.030881
24365400091254.660156 353.906669
25107276142726.519531 373.964486
25871740785959.187500 395.103052
26659481796864.339844 416.874335
27471207892708.144531 440.198535
28307649369732.062500 464.616321
29169558760187.929688 490.455667
30057711509378.976562 517.901225
30972906673314.003906 546.785757
31915967637605.542969 576.214856
32887742858255.101562 607.578714
33889106624995.167969 640.036022
34920959847872.785156 675.336410
35984230867782.937500 712.851814
37079876291681.726562 750.896941
38208881853228.460938 791.838052
39372263299634.750000 833.160543
40571067305514.031250 877.187395
41806372414557.617188 922.454076
43079290009881.906250 969.778048
44390965313921.664062 1020.825129
45742578418766.242188 1074.046746
47135345347868.976562 1130.827675
48570519150083.507812 1200.924907
50049391027009.531250 1262.703453
51573291494665.765625 1329.045673
53143591580532.304688 1394.870946
54761704057041.765625 1463.984145
56429084712625.421875 1535.677836
58147233661462.070312 1613.397935
59917696693106.125000 1693.823112
61742066663206.929688 1775.430796
63621984926574.953125 1860.973581
65559142813880.515625 1949.596712
67555283153316.398438 2052.465112
69612201838589.335938 2151.965302
71731749444655.984375 2257.732317
73915832892654.765625 2363.732540
76166417165528.921875 2480.113027
78485527075889.484375 2597.835021
80875249087704.406250 2719.829961
83337733193456.187500 2842.465865
85875194848451.796875 2978.347371
88489916964031.281250 3113.081053
91184251961465.625000 3251.644764
93960623888388.218750 3392.103558
96821530599670.953125 3553.838787
99769546004701.265625 3715.200798
102807322383086.468750 3869.482885
105937592770862.046875 4029.204622
109163173419361.250000 4219.128749
112486966328945.875000 4401.434273
115911961859888.578125 4578.024191
119441241422749.000000 4770.750037
123077980250666.328125 4976.403054
126825450256064.734375 5161.185381
130687022974334.234375 5363.316514
134666172597148.093750 5559.759865
138766479098130.703125 5754.072029
142991631453701.437500 5972.549359
147345430961983.750000 6174.432752
151831794662768.218750 6381.293264
156454758861609.593750 6591.584197
161218482761218.062500 6810.411537
166127252203428.968750 7054.314748
171185483525097.375000 7262.649436
176397727531404.531250 7524.803972
181768673590139.531250 7734.335867
187303153850643.468750 7996.829642
193006147591215.593750 8204.701298
198882785698880.375000 8443.329220
204938355285566.031250 8644.921207
211178304444824.218750 8845.796821
217608247153390.781250 9035.497208
224233968321984.968750 9333.897410
231061428999894.718750 9551.334783
238096771738035.843750 9728.488757
245346326115294.375000 9923.513765
252816614433149.531250 10115.943631
260514357583671.156250 10283.669426
268446481096196.531250 10513.821277
276620121368111.062500 10632.889554
285042632085343.187500 10730.881999
293721590838355.812500 10877.170962
302664805939568.312500 10955.380951
311880323448372.375000 11071.415531
321376434410027.562500 11100.580788
331161682314978.812500 11135.438548
341244870785289.625000 11124.308528
351635071495110.187500 11196.654779
362341632332315.000000 11190.606673
373374185808629.500000 11275.264210
384742657725849.812500 11241.323325
396457276105907.937500 11135.436837
408528580392856.562500 10996.017319
420967430935026.812500 10944.877204
433785018755898.437500 10818.321173
446992875622481.312500 10614.836359
460602884420238.875000 10507.670686
474627289843933.562500 10337.353126
489078709413959.000000 10089.186921
503970144828116.687500 9846.556518
519314993659022.312500 9618.466789
535127061407672.625000 9386.274303
551420573924030.187500 9100.211278
568210190205764.750000 8738.476945
585511015586723.250000 8444.691770
603338615326927.125000 8059.251997
621709028616383.375000 7758.295262
640638783005269.375000 7357.741470
660144909273488.250000 6970.573671
680244956752984.250000 6675.650937
700957009116560.375000 6408.483036
722299700647475.875000 6095.549496
744292233004375.750000 5707.173588
766954392496709.500000 5319.544121
790306567886136.375000 5000.321211
814369768729946.250000 4620.557873
839165644283012.750000 4296.340831
864716502975255.500000 3962.359311
891045332482150.375000 3679.867603
918175820406362.375000 3350.171794
946132375589077.875000 3088.907526
974940150070226.125000 2855.342445
1004625061717340.250000 2604.606903
1035213817543436.625000 2343.101025
1066733937734854.875000 2094.681425
1099213780410695.875000 1906.011422
1132682567136153.750000 1706.496698
1167170409212660.500000 1513.935282
1202708334768514.500000 1363.181657
1239328316674357.000000 1220.123292
1277063301308639.500000 1103.517588
1315947238198912.750000 965.510021
1356015110565632.000000 847.421419
1397302966795984.750000 743.582635
1439847952876009.500000 653.883659
1483688345810205.250000 566.424964
1528863588058729.500000 494.275568
1575414323023069.750000 429.392888
1623382431612275.000000 375.815785
1672811069922455.500000 327.417167
1723744708063620.000000 284.935011
1776229170168673.750000 244.443627
1830311675620609.250000 211.114990
1886040881535016.500000 182.233446
1943466926536014.250000 155.073982
2002641475865183.250000 132.984003
2063617767863856.500000 113.424160
2126450661870785.500000 95.808812
2191196687578151.750000 81.376876
2257914095890366.000000 68.822592
2326662911331458.000000 57.788366
2397504986048061.500000 48.300411
2470504055456820.500000 40.046036
2545725795585997.000000 33.219004
2623237882163123.500000 27.309460
2703110051501700.000000 22.331404
2785414163241763.000000 18.251865
2870224265000838.000000 14.758444
2957616658993244.500000 11.842817
3047669970678003.000000 9.413610
3140465219496749.000000 7.443645
3236085891765599.500000 5.829611
3334618015786369.500000 4.526446
3436150239244766.500000 3.486363
3540773908965270.000000 2.658367
3648583153094225.000000 2.010272
3759674965785460.000000 1.504450
3874149294464184.000000 1.113773
3992109129748053.500000 0.815830
4113660598106074.500000 0.591177
4238913057338774.500000 0.423124
4367979194965636.500000 0.299309
4500975129608032.500000 0.209109
4638020515459325.000000 0.144222
4779238649935595.000000 0.098184
4924756584604315.000000 0.065937
5074705239490476.000000 0.043665
5229219520863103.000000 0.028497
5388438442608224.000000 0.018323
5552505251297164.000000 0.011601
5721567555063240.000000 0.007230
5895777456402144.000000 0.004432
6075291689016077.000000 0.002671
6260271758824387.000000 0.001582
6450884089267686.000000 0.000920
6647300171036314.000000 0.000525
6849696716357426.000000 0.000294
7058255817980207.000000 0.000162
7273165113001454.000000 0.000087
7494617951679602.000000 0.000046
7722813571388658.000000 0.000024
7957957275868665.000000 0.000012
8200260619934131.000000 0.000006
8449941599806095.000000 0.000003
8707224849239904.000000 0.000001
8972341841624166.000000 0.000001
9245531098233580.000000 0.000000
9527038402822460.000000 0.000000
9817117022752184.000000 0.000000
10116027936851666.000000 0.000000
10424040070215536.000000 0.000000
10741430536151398.000000 0.000000
11068484885494120.000000 0.000000
11405497363511042.000000 0.000000
11752771174629476.000000 0.000000
12110618755224498.000000 0.000000
12479362054713062.000000 0.000000
12859332825205870.000000 0.000000
13250872919979512.000000 0.000000
13654334601035984.000000 0.000000
14070080856026864.000000 0.000000
14498485724827152.000000 0.000000
14939934636052624.000000 0.000000
15394824753823316.000000 0.000000
15863565335085864.000000 0.000000
16346578097814316.000000 0.000000
16844297600423152.000000 0.000000
17357171632732018.000000 0.000000
17885661618834508.000000 0.000000
18430243032234204.000000 0.000000
18991405823619276.000000 0.000000
19569654861663404.000000 0.000000
20165510387247444.000000 0.000000
20779508481511352.000000 0.000000
21412201548157316.000000 0.000000
22064158810438036.000000 0.000000
22735966823277244.000000 0.000000
23428230000983072.000000 0.000000
24141571161030128.000000 0.000000
24876632084396736.000000 0.000000
25634074092965148.000000 0.000000
26414578644501508.000000 0.000000
27218847945751628.000000 0.000000
28047605584205420.000000 0.000000
28901597179094996.000000 0.000000
29781591052216584.000000 0.000000
30688378919176392.000000 0.000000
31622776601683792.000000 0.000000
