# nu [GHz] F_nu [mJy]
10000000000.000000 0.000116
10304479322.602316 0.000123
10618229410.993824 0.000130
10941532540.823364 0.000138
11274679582.449472 0.000146
11617970262.631710 0.000155
11971713434.189657 0.000164
12336227353.872768 0.000173
12711839968.690302 0.000183
13098889210.959835 0.000194
13497723302.339418 0.000205
13908701067.116398 0.000217
14332192255.035769 0.000230
14768577873.957653 0.000244
15218250532.643871 0.000259
15681614793.981045 0.000274
16159087538.959158 0.000290
16651098341.732538 0.000307
17158089856.100065 0.000325
17680518213.753494 0.000345
18218853434.651653 0.000365
18773579849.889011 0.000386
19345196537.440483 0.000409
19934217771.173256 0.000434
20541173483.530643 0.000461
21166609742.302849 0.000488
21811089241.915154 0.000518
22475191809.674854 0.000549
23159514927.431545 0.000581
23864674269.121803 0.000617
24591304254.680416 0.000655
25340058620.817669 0.000693
26111611009.174622 0.000735
26906655572.387379 0.000780
27725907598.604813 0.000826
28570104155.020569 0.000875
29440004751.000397 0.000928
30336392021.399632 0.000983
31260072430.687035 0.001042
32211876998.506527 0.001105
33192662047.331829 0.001175
34203309972.885750 0.001244
35244730038.015877 0.001335
36317859190.743538 0.001414
37423662907.219772 0.001500
38563136060.348541 0.001591
39737303814.856125 0.001691
40947222549.614937 0.001791
42193980808.050240 0.001896
43478700277.483269 0.002008
44802536798.294991 0.002125
46166681403.815819 0.002249
47572361391.878891 0.002383
49020841428.998077 0.002522
50513424688.167557 0.002669
52051454021.305199 0.002824
53636313167.392456 0.002988
55269427997.401787 0.003163
56952267797.128189 0.003346
58686346589.081718 0.003557
60473224494.626549 0.003763
62314509137.596466 0.003987
64211857090.647583 0.004218
66166975365.647293 0.004466
68181622949.444931 0.004726
70257612386.401993 0.005011
72396811409.108765 0.005303
74601144618.750076 0.005618
76872595216.637207 0.005961
79213206788.461578 0.006309
81625085142.872360 0.006687
84110400206.038177 0.007078
86671387973.892242 0.007507
89310352523.821564 0.007948
92029668087.604294 0.008421
94831781187.466873 0.008934
97719212837.179962 0.009480
100694560810.169571 0.010040
103760501976.691391 0.010648
106919794712.164871 0.011277
110175281378.838730 0.011951
113529890883.013565 0.012673
116986641310.130569 0.013572
120548642640.093445 0.014376
124219099545.261871 0.015246
128001314273.642441 0.016148
131898689619.866913 0.017147
135914731986.625931 0.018159
140053054539.321686 0.019251
144317380456.773468 0.020424
148711546280.895386 0.021709
153239505368.370361 0.022981
157905331447.417267 0.024333
162713222282.857635 0.025752
167667503452.770081 0.027264
172772632240.141479 0.028897
178033201643.011200 0.030573
183453944506.709747 0.032343
189039737781.922333 0.034237
194795606912.397461 0.036213
200726730356.256836 0.038303
206838444244.961914 0.040511
213136247184.143311 0.042971
219625805200.606079 0.045554
226312956839.952972 0.048300
233203718419.428558 0.051114
240304289440.696472 0.054154
247621058167.429871 0.057282
255160607372.718628 0.060648
262929720261.481659 0.064295
270935386573.204895 0.068033
279184808870.485474 0.072088
287685409019.059753 0.076275
296444834865.127869 0.080737
305470967115.996826 0.085496
314771926430.212097 0.090647
324356080723.580505 0.095941
334232052697.646240 0.101719
344408727597.382324 0.108967
354895261205.099976 0.115528
365701088077.748596 0.122410
376835930035.032837 0.129611
388309804905.960876 0.137276
400133035541.719727 0.145356
412316259102.974792 0.154108
424870436629.934265 0.163311
437806862903.817566 0.172910
451137176608.575623 0.183559
464873370802.025696 0.194903
479027803705.791260 0.206315
493613209823.790710 0.219272
508642711399.260925 0.232065
524129830220.606140 0.245575
540088499786.729858 0.259841
556533077842.764038 0.275297
573478359297.498657 0.291423
590939589534.097656 0.308247
608932478126.118408 0.326081
627473212971.157471 0.344954
646578474854.813110 0.364768
666265452458.116333 0.386212
686551857821.890747 0.409552
707455942281.987915 0.433977
728996512889.688110 0.459707
751192949332.095337 0.487078
774065221367.722534 0.514990
797633906792.928101 0.545675
821920209955.423096 0.577156
846945980831.457642 0.610294
872733734683.889282 0.646755
899306672318.763184 0.683971
926688700958.695435 0.730187
954904455751.807739 0.772710
983979321935.532104 0.817864
1013939457675.293823 0.866913
1044811817598.562866 0.919497
1076624177045.493286 0.974294
1109405157057.897461 1.030988
1143184250129.147949 1.091029
1177991846738.043945 1.154602
1213859262690.628906 1.224495
1250818767294.487793 1.296652
1288903612390.891602 1.373021
1328148062270.937256 1.460492
1368587424502.514893 1.545450
1410258081695.972412 1.635216
1453197524236.895508 1.730024
1497444384015.596680 1.836753
1543038469183.567627 1.942811
1590020799968.193848 2.056810
1638433645577.984619 2.178123
1688320562231.420654 2.302990
1739726432343.799072 2.434695
1792697504907.137207 2.576650
1847281437099.635986 2.725531
1903527337162.029053 2.884315
1961485808579.429443 3.052857
2021208995608.461426 3.235545
2082750630190.510010 3.428869
2146166080293.505371 3.630753
2211512399725.488770 3.836361
2278848379464.992676 4.088056
2348234600554.281250 4.321944
2419733488603.080078 4.576668
2493409369951.880371 4.838310
2569328529545.191406 5.113805
2647559270567.063965 5.405301
2728171975892.237793 5.727275
2811239171408.466797 6.062972
2896835591266.809570 6.422509
2985038245118.729492 6.792823
3075926487400.305176 7.188269
3169582088726.108887 7.614836
3266089309456.884766 8.063080
3365534975507.094238 8.535517
3468008556460.774414 9.050117
3573602246065.781250 9.568226
3682411045179.003418 10.118300
3794532847236.942383 10.720375
3910068526328.820312 11.352271
4029122027951.343750 11.996155
4151800462526.613281 12.698106
4278214201767.621582 13.421113
4408476977977.785156 14.186173
4542705986374.042969 14.984889
4681021990525.308594 15.842644
4823549431001.457031 16.766388
4970416537330.468750 17.866466
5121755443364.241211 18.945193
5277702306157.268555 20.012367
5438397428464.790039 21.136619
5603985384970.904297 22.314797
5774615152359.826172 23.597332
5950440243347.760742 24.919483
6131618844795.768555 26.349991
6318313960027.669922 27.860862
6510693555481.467773 29.538671
6708930711825.866211 31.299898
6913203779678.127930 33.123362
7123696540062.944336 35.060379
7340598369757.197266 37.103457
7564104411669.129883 39.250249
7794415750404.951172 41.592834
8031739593181.363281 43.975992
8276289456246.334961 46.598326
8528285356976.192383 49.265009
8787954011821.328125 52.103592
9055529040279.257812 55.078739
9331251175078.240234 58.366622
9615368478760.228516 61.800215
9908136566858.685547 65.408692
10209818837871.480469 69.576660
10520686710236.228516 73.526589
10841019866520.619141 77.692349
11171106505048.218750 82.106693
11511243599185.759766 86.969216
11861737164524.791016 91.867636
12222902534198.914062 97.250587
12595064642583.564453 102.992739
12978558317634.185547 108.886541
13373728582124.921875 115.204554
13780930964060.185547 121.640069
14200531816536.816406 128.425120
14632908647345.994141 135.627639
15078450458610.541016 143.531888
15537558096763.509766 151.511639
16010644613183.177734 159.926972
16498135635807.953125 168.881964
17000469752067.146484 178.389931
17518098903470.203125 188.711840
18051488792211.101562 199.570039
18601119300152.671875 210.620937
19167484920568.128906 222.899040
19751095203028.597656 235.542781
20352475211835.714844 249.139322
20972165998413.730469 263.084788
21610725088083.765625 277.802153
22268726981660.226562 293.581902
22946763672319.410156 309.907186
23645445178205.636719 328.923365
24365400091254.660156 346.994808
25107276142726.519531 366.013996
25871740785959.187500 387.136416
26659481796864.339844 408.875406
27471207892708.144531 431.283896
28307649369732.062500 454.661322
29169558760187.929688 480.120706
30057711509378.976562 506.972313
30972906673314.003906 534.180239
31915967637605.542969 565.071558
32887742858255.101562 596.268823
33889106624995.167969 627.948602
34920959847872.785156 661.191044
35984230867782.937500 698.075616
37079876291681.726562 734.787595
38208881853228.460938 773.686679
39372263299634.750000 815.989810
40571067305514.031250 858.796732
41806372414557.617188 904.237621
43079290009881.906250 951.057554
44390965313921.664062 1001.731542
45742578418766.242188 1055.261551
47135345347868.976562 1110.983909
48570519150083.507812 1172.476024
50049391027009.531250 1236.451888
51573291494665.765625 1306.294814
53143591580532.304688 1372.787060
54761704057041.765625 1445.410850
56429084712625.421875 1518.412701
58147233661462.070312 1596.910806
59917696693106.125000 1677.258539
61742066663206.929688 1764.247404
63621984926574.953125 1854.779860
65559142813880.515625 1948.665972
67555283153316.398438 2046.641199
69612201838589.335938 2150.906212
71731749444655.984375 2257.418528
73915832892654.765625 2372.347104
76166417165528.921875 2490.058706
78485527075889.484375 2609.901772
80875249087704.406250 2734.661731
83337733193456.187500 2867.850779
85875194848451.796875 3002.135886
88489916964031.281250 3145.288942
91184251961465.625000 3291.270311
93960623888388.218750 3440.294473
96821530599670.953125 3593.376898
99769546004701.265625 3780.465104
102807322383086.468750 3960.416533
105937592770862.046875 4148.522968
109163173419361.250000 4341.131943
112486966328945.875000 4527.235780
115911961859888.578125 4723.244709
119441241422749.000000 4921.502112
123077980250666.328125 5144.165755
126825450256064.734375 5356.589915
130687022974334.234375 5577.470354
134666172597148.093750 5808.441591
138766479098130.703125 6073.210769
142991631453701.437500 6308.944948
147345430961983.750000 6572.934803
151831794662768.218750 6819.530295
156454758861609.593750 7104.705686
161218482761218.062500 7388.402438
166127252203428.968750 7657.288519
171185483525097.375000 7926.294662
176397727531404.531250 8217.866739
181768673590139.531250 8531.053831
187303153850643.468750 8841.446110
193006147591215.593750 9123.095301
198882785698880.375000 9432.392088
204938355285566.031250 9754.233030
211178304444824.218750 10122.726243
217608247153390.781250 10438.378241
224233968321984.968750 10728.669550
231061428999894.718750 11032.837776
238096771738035.843750 11336.576507
245346326115294.375000 11667.849438
252816614433149.531250 11947.036903
260514357583671.156250 12241.243204
268446481096196.531250 12594.012652
276620121368111.062500 12892.194280
285042632085343.187500 13179.337990
293721590838355.812500 13532.010010
302664805939568.312500 13761.600865
311880323448372.375000 14101.951131
321376434410027.562500 14322.853005
331161682314978.812500 14548.390472
341244870785289.625000 14733.386371
351635071495110.187500 14982.316595
362341632332315.000000 15164.556980
373374185808629.500000 15328.722406
384742657725849.812500 15509.407888
396457276105907.937500 15702.441736
408528580392856.562500 15799.036823
420967430935026.812500 15842.370988
433785018755898.437500 15910.976543
446992875622481.312500 15910.383164
460602884420238.875000 15874.165799
474627289843933.562500 15838.279226
489078709413959.000000 15942.766511
503970144828116.687500 16000.099501
519314993659022.312500 15837.178536
535127061407672.625000 15618.334945
551420573924030.187500 15488.205138
568210190205764.750000 15253.586067
585511015586723.250000 14973.173991
603338615326927.125000 14771.293903
621709028616383.375000 14392.656578
640638783005269.375000 14142.434612
660144909273488.250000 13899.026116
680244956752984.250000 13573.316662
700957009116560.375000 13115.732447
722299700647475.875000 12760.379695
744292233004375.750000 12322.268152
766954392496709.500000 11823.553483
790306567886136.375000 11462.888797
814369768729946.250000 10957.886804
839165644283012.750000 10530.969787
864716502975255.500000 10022.810338
891045332482150.375000 9493.611902
918175820406362.375000 8985.243657
946132375589077.875000 8462.375219
974940150070226.125000 7994.600906
1004625061717340.250000 7533.091040
1035213817543436.625000 7155.502735
1066733937734854.875000 6650.144864
1099213780410695.875000 6114.287113
1132682567136153.750000 5648.156765
1167170409212660.500000 5208.744389
1202708334768514.500000 4786.338206
1239328316674357.000000 4381.275216
1277063301308639.500000 4038.358533
1315947238198912.750000 3732.658999
1356015110565632.000000 3377.725918
1397302966795984.750000 3030.346257
1439847952876009.500000 2706.238887
1483688345810205.250000 2414.068813
1528863588058729.500000 2178.114669
1575414323023069.750000 1915.142344
1623382431612275.000000 1730.876839
1672811069922455.500000 1547.323099
1723744708063620.000000 1354.314304
1776229170168673.750000 1182.609751
1830311675620609.250000 1020.589599
1886040881535016.500000 880.149080
1943466926536014.250000 774.660222
2002641475865183.250000 682.315599
2063617767863856.500000 583.456695
2126450661870785.500000 511.431191
2191196687578151.750000 440.651902
2257914095890366.000000 375.902716
2326662911331458.000000 326.791034
2397504986048061.500000 291.471142
2470504055456820.500000 248.117504
2545725795585997.000000 211.584288
2623237882163123.500000 184.142216
2703110051501700.000000 153.734382
2785414163241763.000000 137.431065
2870224265000838.000000 123.004361
2957616658993244.500000 104.249574
3047669970678003.000000 90.618779
3140465219496749.000000 76.929791
3236085891765599.500000 65.961007
3334618015786369.500000 59.868685
3436150239244766.500000 52.596198
3540773908965270.000000 45.372377
3648583153094225.000000 37.603081
3759674965785460.000000 34.961136
3874149294464184.000000 31.582567
3992109129748053.500000 27.252646
4113660598106074.500000 22.753950
4238913057338774.500000 19.563149
4367979194965636.500000 17.744822
4500975129608032.500000 16.347146
4638020515459325.000000 13.417354
4779238649935595.000000 11.262866
4924756584604315.000000 10.523644
5074705239490476.000000 9.511084
5229219520863103.000000 7.660595
5388438442608224.000000 6.915962
5552505251297164.000000 6.706498
5721567555063240.000000 5.323825
5895777456402144.000000 4.250579
6075291689016077.000000 3.588871
6260271758824387.000000 3.492147
6450884089267686.000000 2.748070
6647300171036314.000000 2.438624
6849696716357426.000000 2.269635
7058255817980207.000000 1.916942
7273165113001454.000000 1.544519
7494617951679602.000000 1.438775
7722813571388658.000000 1.437671
7957957275868665.000000 1.242839
8200260619934131.000000 1.190686
8449941599806095.000000 1.237633
8707224849239904.000000 1.375111
8972341841624166.000000 1.533624
9245531098233580.000000 1.303828
9527038402822460.000000 1.104860
9817117022752184.000000 0.933162
10116027936851666.000000 0.785501
10424040070215536.000000 0.658953
10741430536151398.000000 0.550883
11068484885494120.000000 0.458923
11405497363511042.000000 0.380958
11752771174629476.000000 0.315103
12110618755224498.000000 0.259684
12479362054713062.000000 0.213225
12859332825205870.000000 0.174428
13250872919979512.000000 0.142155
13654334601035984.000000 0.115414
14070080856026864.000000 0.093345
14498485724827152.000000 0.075206
14939934636052624.000000 0.060356
15394824753823316.000000 0.048249
15863565335085864.000000 0.038420
16346578097814316.000000 0.030472
16844297600423152.000000 0.024072
17357171632732018.000000 0.018941
17885661618834508.000000 0.014844
18430243032234204.000000 0.011588
18991405823619276.000000 0.009009
19569654861663404.000000 0.006977
20165510387247444.000000 0.005382
20779508481511352.000000 0.004135
21412201548157316.000000 0.003165
22064158810438036.000000 0.002413
22735966823277244.000000 0.001833
23428230000983072.000000 0.001387
24141571161030128.000000 0.001046
24876632084396736.000000 0.000786
25634074092965148.000000 0.000589
26414578644501508.000000 0.000440
27218847945751628.000000 0.000327
28047605584205420.000000 0.000243
28901597179094996.000000 0.000179
29781591052216584.000000 0.000132
30688378919176392.000000 0.000097
31622776601683792.000000 0.000070
