# nu [GHz] F_nu [mJy]
97500000000.000046 0.011500
99418318325.282410 0.011931
101374379678.227493 0.012377
103368926655.159546 0.012841
105402716463.030350 0.013321
107476521206.882370 0.013819
109591128182.972229 0.014336
111747340177.656982 0.014871
113945975772.163254 0.015427
116187869653.352188 0.016003
118473872930.598801 0.016601
120804853458.906387 0.017221
123181696168.375824 0.017864
125605303400.162079 0.018531
128076595249.035751 0.019222
130596509912.686996 0.019940
133166004047.901642 0.020684
135786053133.744873 0.021456
138457651841.891357 0.022256
141181814414.238708 0.023086
143959575047.956116 0.023947
146791988288.103363 0.024841
149680129427.977234 0.025767
152625094917.334412 0.026728
155628002778.646027 0.027724
158689993031.542786 0.028757
161812228125.607788 0.029828
164995893381.691132 0.030938
168242197441.900696 0.032089
171552372728.450134 0.033282
174927675911.533783 0.034519
178369388386.407135 0.035800
181878816759.854553 0.037128
185457293346.224823 0.038503
189106176673.233337 0.039928
192826851997.708710 0.041404
196620731831.490387 0.042931
200489256477.672729 0.044513
204433894577.399445 0.046150
208456143667.417419 0.047844
212557530748.595856 0.049596
216739612865.639984 0.051408
221003977698.201630 0.053281
225352244163.624756 0.055216
229786063031.548737 0.057216
234307117550.604218 0.059280
238917124087.439209 0.061411
243617832778.319122 0.063609
248411028193.541931 0.065874
253298530014.935852 0.068208
258282193726.676727 0.070611
263363911319.702515 0.073084
268545612009.985840 0.075625
273829262970.940002 0.078236
279216870080.229431 0.080915
284710478681.284668 0.083662
290312174359.789551 0.086475
296024083735.450562 0.089355
301848375269.344299 0.092298
307787260087.148315 0.095304
313842992818.570068 0.098370
320017872453.292664 0.101494
326314243213.754456 0.104674
332734495445.114380 0.107905
339281066522.713806 0.111187
345956441777.399597 0.114514
352763155439.051575 0.117884
359703791598.675232 0.121293
366780985189.416626 0.124737
373997422986.893372 0.128212
381355844629.192200 0.131715
388859043656.943115 0.135240
396509868573.854736 0.138784
404311223928.116577 0.142343
412266071415.077087 0.145912
420377431001.619385 0.149487
428648382072.650452 0.153063
437082064600.164307 0.156637
445681680335.289917 0.160205
454450494023.800903 0.163761
463391834645.539185 0.167303
472509096678.225769 0.170827
481805741386.127869 0.174328
491285298134.099792 0.177804
500951365727.458313 0.181251
510807613778.229675 0.184665
520857784098.276184 0.188044
531105692119.831970 0.191384
541555228343.988342 0.194684
552210359817.680298 0.197940
563075131639.721558 0.201150
574153668496.493408 0.204312
585450176227.825928 0.207424
596968943423.699097 0.210484
608714343052.356812 0.213490
620690834120.454834 0.216442
632902963365.873413 0.219337
645355366983.824829 0.222175
658052772386.946899 0.224955
671000000000.000610 0.227675
