# nu [GHz] F_nu [mJy]
97500000000.000046 0.011478
99418318325.282410 0.011909
101374379678.227493 0.012356
103368926655.159546 0.012819
105402716463.030350 0.013300
107476521206.882370 0.013799
109591128182.972229 0.014316
111747340177.656982 0.014852
113945975772.163254 0.015408
116187869653.352188 0.015985
118473872930.598801 0.016583
120804853458.906387 0.017203
123181696168.375824 0.017846
125605303400.162079 0.018512
128076595249.035751 0.019204
130596509912.686996 0.019921
133166004047.901642 0.020664
135786053133.744873 0.021435
138457651841.891357 0.022235
141181814414.238708 0.023064
143959575047.956116 0.023924
146791988288.103363 0.024816
149680129427.977234 0.025741
152625094917.334412 0.026700
155628002778.646027 0.027695
158689993031.542786 0.028726
161812228125.607788 0.029795
164995893381.691132 0.030904
168242197441.900696 0.032054
171552372728.450134 0.033246
174927675911.533783 0.034482
178369388386.407135 0.035763
181878816759.854553 0.037091
185457293346.224823 0.038467
189106176673.233337 0.039893
192826851997.708710 0.041370
196620731831.490387 0.042900
200489256477.672729 0.044484
204433894577.399445 0.046124
208456143667.417419 0.047822
212557530748.595856 0.049579
216739612865.639984 0.051396
221003977698.201630 0.053275
225352244163.624756 0.055218
229786063031.548737 0.057224
234307117550.604218 0.059296
238917124087.439209 0.061435
243617832778.319122 0.063641
248411028193.541931 0.065915
253298530014.935852 0.068257
258282193726.676727 0.070668
263363911319.702515 0.073148
268545612009.985840 0.075696
273829262970.940002 0.078313
279216870080.229431 0.080997
284710478681.284668 0.083748
290312174359.789551 0.086565
296024083735.450562 0.089445
301848375269.344299 0.092387
307787260087.148315 0.095390
313842992818.570068 0.098451
320017872453.292664 0.101567
326314243213.754456 0.104736
332734495445.114380 0.107955
339281066522.713806 0.111220
345956441777.399597 0.114528
352763155439.051575 0.117875
359703791598.675232 0.121258
366780985189.416626 0.124673
373997422986.893372 0.128115
381355844629.192200 0.131582
388859043656.943115 0.135068
396509868573.854736 0.138569
404311223928.116577 0.142081
412266071415.077087 0.145600
420377431001.619385 0.149121
428648382072.650452 0.152642
437082064600.164307 0.156156
445681680335.289917 0.159661
454450494023.800903 0.163152
463391834645.539185 0.166626
472509096678.225769 0.170079
481805741386.127869 0.173507
491285298134.099792 0.176907
500951365727.458313 0.180276
510807613778.229675 0.183611
520857784098.276184 0.186909
531105692119.831970 0.190166
541555228343.988342 0.193382
552210359817.680298 0.196552
563075131639.721558 0.199676
574153668496.493408 0.202750
585450176227.825928 0.205774
596968943423.699097 0.208746
608714343052.356812 0.211663
620690834120.454834 0.214525
632902963365.873413 0.217331
645355366983.824829 0.220080
658052772386.946899 0.222771
671000000000.000610 0.225403
