# nu [GHz] F_nu [mJy]
97500000000.000000 0.010199
110070707070.707077 0.012919
122641414141.414139 0.015940
135212121212.121216 0.019257
147782828282.828278 0.022862
160353535353.535339 0.026751
172924242424.242432 0.030918
185494949494.949493 0.035356
198065656565.656555 0.040061
210636363636.363647 0.045026
223207070707.070709 0.050246
235777777777.777771 0.055716
248348484848.484863 0.061429
260919191919.191925 0.067381
273489898989.898987 0.073565
286060606060.606079 0.079978
298631313131.313110 0.086613
311202020202.020203 0.093465
323772727272.727295 0.100529
336343434343.434326 0.107800
348914141414.141418 0.115273
361484848484.848511 0.122942
374055555555.555542 0.130803
386626262626.262634 0.138851
399196969696.969727 0.147081
411767676767.676758 0.155488
424338383838.383850 0.164068
436909090909.090942 0.172814
449479797979.797974 0.181724
462050505050.505066 0.190792
474621212121.212158 0.200014
487191919191.919189 0.209385
499762626262.626282 0.218901
512333333333.333374 0.228556
524904040404.040405 0.238348
537474747474.747498 0.248271
550045454545.454590 0.258321
562616161616.161621 0.268494
575186868686.868652 0.278786
587757575757.575806 0.289192
600328282828.282837 0.299709
612898989898.989990 0.310333
625469696969.697021 0.321059
638040404040.404053 0.331883
650611111111.111084 0.342802
663181818181.818237 0.353811
675752525252.525269 0.364908
688323232323.232300 0.376087
700893939393.939453 0.387346
713464646464.646484 0.398681
726035353535.353516 0.410087
738606060606.060669 0.421563
751176767676.767700 0.433103
763747474747.474731 0.444704
776318181818.181885 0.456364
788888888888.888916 0.468078
801459595959.595947 0.479844
814030303030.303101 0.491657
826601010101.010132 0.503515
839171717171.717163 0.515415
851742424242.424316 0.527353
864313131313.131348 0.539326
876883838383.838379 0.551331
889454545454.545532 0.563365
902025252525.252563 0.575425
914595959595.959595 0.587508
927166666666.666748 0.599611
939737373737.373779 0.611731
952308080808.080811 0.623866
964878787878.787964 0.636012
977449494949.494995 0.648168
990020202020.202026 0.660329
1002590909090.909180 0.672494
1015161616161.616211 0.684660
1027732323232.323242 0.696824
1040303030303.030396 0.708983
1052873737373.737427 0.721136
1065444444444.444458 0.733280
1078015151515.151611 0.745412
1090585858585.858643 0.757530
1103156565656.565674 0.769631
1115727272727.272949 0.781714
1128297979797.979980 0.793776
1140868686868.687012 0.805815
1153439393939.394043 0.817828
1166010101010.101074 0.829814
1178580808080.808105 0.841770
1191151515151.515137 0.853694
1203722222222.222168 0.865584
1216292929292.929443 0.877439
1228863636363.636475 0.889256
1241434343434.343506 0.901034
1254005050505.050537 0.912769
1266575757575.757568 0.924462
1279146464646.464600 0.936109
1291717171717.171875 0.947709
1304287878787.878906 0.959260
1316858585858.585938 0.970761
1329429292929.292969 0.982210
1342000000000.000000 0.993605
