# nu [GHz] F_nu [mJy]
97500000000.000046 0.011477
99418318325.282410 0.011908
101374379678.227493 0.012355
103368926655.159546 0.012818
105402716463.030350 0.013299
107476521206.882370 0.013798
109591128182.972229 0.014315
111747340177.656982 0.014851
113945975772.163254 0.015407
116187869653.352188 0.015984
118473872930.598801 0.016582
120804853458.906387 0.017202
123181696168.375824 0.017845
125605303400.162079 0.018512
128076595249.035751 0.019204
130596509912.686996 0.019921
133166004047.901642 0.020665
135786053133.744873 0.021436
138457651841.891357 0.022236
141181814414.238708 0.023065
143959575047.956116 0.023925
146791988288.103363 0.024817
149680129427.977234 0.025742
152625094917.334412 0.026702
155628002778.646027 0.027697
158689993031.542786 0.028729
161812228125.607788 0.029799
164995893381.691132 0.030908
168242197441.900696 0.032058
171552372728.450134 0.033251
174927675911.533783 0.034488
178369388386.407135 0.035769
181878816759.854553 0.037098
185457293346.224823 0.038475
189106176673.233337 0.039901
192826851997.708710 0.041379
196620731831.490387 0.042910
200489256477.672729 0.044495
204433894577.399445 0.046137
208456143667.417419 0.047836
212557530748.595856 0.049593
216739612865.639984 0.051411
221003977698.201630 0.053291
225352244163.624756 0.055234
229786063031.548737 0.057241
234307117550.604218 0.059314
238917124087.439209 0.061453
243617832778.319122 0.063658
248411028193.541931 0.065932
253298530014.935852 0.068274
258282193726.676727 0.070684
263363911319.702515 0.073163
268545612009.985840 0.075711
273829262970.940002 0.078326
279216870080.229431 0.081010
284710478681.284668 0.083759
290312174359.789551 0.086575
296024083735.450562 0.089454
301848375269.344299 0.092396
307787260087.148315 0.095398
313842992818.570068 0.098459
320017872453.292664 0.101575
326314243213.754456 0.104744
332734495445.114380 0.107964
339281066522.713806 0.111231
345956441777.399597 0.114541
352763155439.051575 0.117892
359703791598.675232 0.121279
366780985189.416626 0.124699
373997422986.893372 0.128148
381355844629.192200 0.131621
388859043656.943115 0.135115
396509868573.854736 0.138625
404311223928.116577 0.142148
412266071415.077087 0.145679
420377431001.619385 0.149213
428648382072.650452 0.152747
437082064600.164307 0.156277
445681680335.289917 0.159798
454450494023.800903 0.163307
463391834645.539185 0.166799
472509096678.225769 0.170272
481805741386.127869 0.173722
491285298134.099792 0.177144
500951365727.458313 0.180536
510807613778.229675 0.183895
520857784098.276184 0.187218
531105692119.831970 0.190502
541555228343.988342 0.193744
552210359817.680298 0.196942
563075131639.721558 0.200094
574153668496.493408 0.203198
585450176227.825928 0.206252
596968943423.699097 0.209254
608714343052.356812 0.212202
620690834120.454834 0.215096
632902963365.873413 0.217934
645355366983.824829 0.220715
658052772386.946899 0.223438
671000000000.000610 0.226103
