# nu [GHz] F_nu [mJy]
97500000000.000046 0.011478
101757732950.959061 0.012444
106201397080.191727 0.013491
110839111826.716995 0.014625
115679351197.790268 0.015853
120730959252.563507 0.017183
126003166261.902252 0.018623
131505605573.886536 0.020182
137248331215.812225 0.021871
143241836264.855286 0.023700
149497072020.965546 0.025682
156025468017.022552 0.027827
162838952902.816162 0.030151
169949976241.010834 0.032667
177371531254.919067 0.035390
185117178569.648560 0.038335
193201070990.002960 0.041519
201637979360.410187 0.044959
210443319554.129272 0.048670
219633180641.050415 0.052668
229224354285.556396 0.056969
239234365428.160645 0.061583
249681504306.983704 0.066521
260584859877.577118 0.071789
271964354692.159637 0.077388
283840781301.996643 0.083312
296235840249.437256 0.089552
309172179719.027588 0.096090
322673436920.149597 0.102905
336764281276.807190 0.109967
351470459503.456299 0.117241
366818842649.267273 0.124691
382837475196.758850 0.132274
399555626304.524902 0.139947
417003843287.682251 0.147665
435214007433.759277 0.155384
454219392256.011963 0.163061
474054724290.606750 0.170655
494756246548.759644 0.178128
516361784739.769409 0.185446
538910816385.949036 0.192578
562444542955.740601 0.199497
587005965146.814819 0.206182
612639961456.713135 0.212614
639393370184.595215 0.218778
667315075013.925293 0.224665
696456094332.473633 0.230268
726869674452.838623 0.235582
758611386903.820190 0.240608
791739229970.416138 0.245347
826313734667.974609 0.249801
862398075344.136963 0.253978
900058185110.663818 0.257884
939362876316.058960 0.261526
980383966279.120605 0.264914
1023196408513.156494 0.268058
1067878429680.637329 0.270968
1114511672528.530762 0.273654
1163181345065.486328 0.276127
1213976376253.446533 0.278397
1266989578498.165771 0.280475
1322317817235.532959 0.282370
1380062187923.572998 0.284094
1440328200763.519531 0.285654
1503225973487.481934 0.287062
1568870432564.969971 0.288324
1637381523195.915283 0.289449
1708884428473.891846 0.290446
1783509798119.984375 0.291322
1861393987205.253174 0.292083
1942679305297.979004 0.292737
2027514276490.936523 0.293289
2116053910783.811035 0.293744
2208459987316.630371 0.294109
2304901349971.724121 0.294387
2405554215884.385742 0.294584
2510602497425.814453 0.294703
2620238138246.838379 0.294749
2734661463996.305664 0.294723
2854081548355.022461 0.294631
2978716595054.050781 0.294473
3108794336575.384766 0.294254
3244552450263.505371 0.293974
3386238992608.138184 0.293636
3534112852491.727051 0.293242
3688444224229.795898 0.292793
3849515101268.541016 0.292290
4017619791441.724121 0.291735
4193065454728.354980 0.291128
4376172664493.737793 0.290471
4567275993239.389648 0.289763
4766724623932.100586 0.289005
4974882988029.161133 0.288198
5192131431365.541992 0.287342
5418866909119.748047 0.286436
5655503711128.163086 0.285482
5902474218873.203125 0.284479
6160229695528.407227 0.283426
6429241110504.073242 0.282324
6710000000000.006836 0.281172
