# nu(GHz) flux_zeta1(mJy) flux_zeta2(mJy) flux_zeta3(mJy) flux_zeta4(mJy)
4.999999999999999289e+01 4.081442684632803630e-02 1.067090706549553812e-03 5.183541577384781539e-04 5.178005929497567954e-04
6.974753969812114462e+01 7.403283056730228240e-02 2.451418983162490569e-03 9.731805118712247987e-04 9.716845781363992168e-04
9.729438587881928413e+01 1.336004821465371917e-01 5.788061882291069792e-03 1.820936340802146699e-03 1.816903939868230690e-03
1.357208808297453118e+02 2.398885763223748691e-01 1.398384197848180459e-02 3.395186356258097365e-03 3.384356244657542312e-03
1.893239504707325978e+02 4.272692560855192445e-01 3.427806128559068161e-02 6.224972761952848530e-03 6.196026622200086036e-03
2.640975950252498023e+02 7.507363612436728229e-01 8.420917273143746495e-02 1.057672854909766542e-02 1.049979600422089147e-02
3.684031498640386530e+02 1.290366925384148766e+00 2.063173031233989652e-01 1.556547709743610723e-02 1.536258412988535278e-02
5.139042664010981980e+02 2.142730666282704810e+00 5.040405377594721070e-01 1.992832348736275905e-02 1.940013337431314294e-02
7.168711644368854650e+02 3.375653312833237774e+00 1.215668512626834730e+00 2.342818919842334230e-02 2.207945781580420222e-02
1.000000000000000000e+03 4.914618597982748582e+00 2.844444455004733197e+00 2.695827528205955309e-02 2.360147787183600881e-02
