# R (au) ne f T_c (K) Sigma (g/cm²) EM (cm⁻⁶ pc) z_arr_mid_f (au)
4.779422919954704179e-04 7.734741068127270508e+12 6.533375469268296000e-04 6.038639514752556352e+03 2.976214835899975952e+01 2.236625662759528000e+16 9.993489158418610096e+08
5.173910480284310250e-04 2.049928113666785280e+17 9.993736789908180818e-01 4.250521301552019577e+04 1.540932299130720139e+03 4.318364990078179213e+25 2.117560278700956106e+09
5.600958547993388796e-04 2.354671904058900480e+17 9.996506979923763803e-01 5.179813845098801539e+04 2.200169358969254063e+03 7.092157554788009461e+25 2.632915564570651054e+09
6.063254626434195658e-04 2.410715257441484800e+17 9.997243367477238740e-01 5.627589724713136820e+04 2.644289170051843030e+03 8.728757815998556367e+25 3.091051509587746620e+09
6.563708042107633915e-04 2.354628894114447360e+17 9.997579117040529262e-01 5.833292478945552284e+04 2.961636461849602711e+03 9.549708876910121321e+25 3.544598724454423428e+09
7.105468253667106835e-04 2.241353804993003520e+17 9.997762425180146684e-01 5.892840281927564502e+04 3.191408258225538702e+03 9.795928617092887513e+25 4.012709390366709232e+09
7.691944672124583458e-04 2.099082799396290560e+17 9.997867037761387632e-01 5.856942007212864701e+04 3.356102935330020955e+03 9.647712671082687754e+25 4.505842504860217094e+09
8.326828116991500132e-04 1.943915762781388800e+17 9.997922001972412431e-01 5.756366454964221339e+04 3.470441147368247584e+03 9.238932578953180931e+25 5.031296770360020638e+09
9.014114043382604304e-04 1.785523965612523520e+17 9.997940252680764806e-01 5.611360099799902673e+04 3.544844255387308294e+03 8.667968586456243206e+25 5.595062733804221153e+09
9.758127686255745926e-04 1.629822362233733120e+17 9.997927395490832092e-01 5.435953046777463896e+04 3.587081606621445189e+03 8.006182334254190623e+25 6.202601950109519958e+09
1.056355128002557696e-03 1.480398895401533440e+17 9.997884924430889830e-01 5.240208206598192191e+04 3.603156929303925608e+03 7.304476778117481210e+25 6.859232230403827667e+09
1.143545352485003577e-03 1.339346547398410240e+17 9.997811442186164133e-01 5.031512462095598312e+04 3.597830978604711618e+03 6.598362371315878919e+25 7.570345214640750885e+09
1.237932148502700119e-03 1.207777291632312320e+17 9.997702979903948517e-01 4.815371978876341745e+04 3.574951732240360343e+03 5.911857088902264463e+25 8.341545074354758263e+09
1.340109512024454871e-03 1.086153245493493760e+17 9.997552775535110126e-01 4.595929453355642909e+04 3.537674575497689602e+03 5.260477264417641467e+25 9.178747640792030334e+09
1.450720466699718545e-03 9.745065585577164800e+16 9.997350587721103299e-01 4.376315272814672062e+04 3.488615627378662793e+03 4.653520681501744420e+25 1.008825905364388275e+10
1.570461110541720735e-03 8.725885199663104000e+16 9.997081468473199006e-01 4.158894280209952558e+04 3.429962355685397142e+03 4.095799855261577698e+25 1.107684396315478897e+10
1.700084996618747091e-03 7.799720735929139200e+16 9.996723780380786240e-01 3.945444106977936462e+04 3.363555752944916094e+03 3.588949589379170180e+25 1.215178893775846100e+10
1.840407875322155971e-03 6.961228388989337600e+16 9.996246063292992812e-01 3.737287047166386037e+04 3.290952901891505462e+03 3.132406197229643532e+25 1.332096448264078140e+10
1.992312828055259333e-03 6.204483995711078400e+16 9.995602068876000557e-01 3.535389443150065927e+04 3.213475607809871235e+03 2.724134330169753457e+25 1.459288786752397919e+10
2.156755824650410241e-03 5.523323525806489600e+16 9.994722793275054862e-01 3.340437772831039183e+04 3.132248872418549126e+03 2.361160353218264986e+25 1.597678829084676552e+10
2.334771739488321948e-03 4.911575305139814400e+16 9.993503477019436421e-01 3.152897664506531146e+04 3.048231793001825281e+03 2.039958103762441835e+25 1.748267552667516708e+10
2.527480864180301889e-03 4.363214400379289600e+16 9.991781983717806792e-01 2.973060167532736887e+04 2.962242701090026458e+03 1.756722910850726131e+25 1.912141298419518661e+10
2.736095957799115214e-03 3.872460224933068800e+16 9.989302091698215591e-01 2.801078356141404583e+04 2.874979843896991952e+03 1.507562252949534994e+25 2.090479599020524216e+10
2.961929879027015104e-03 3.433831685526118400e+16 9.985649807672687395e-01 2.636996498422043078e+04 2.787038563717744182e+03 1.288625957981315084e+25 2.284563604534844208e+10
3.206403848251694610e-03 3.042168913065881600e+16 9.980140387510717526e-01 2.480773438115559111e+04 2.698925688218435425e+03 1.096195157669170630e+25 2.495785178360927200e+10
3.471056391605246202e-03 2.692625859635200000e+16 9.971613390128680754e-01 2.332301424654993025e+04 2.611071672484848932e+03 9.267471291450193632e+24 2.725656736938608170e+10
3.757553023232860796e-03 2.380632814438195200e+16 9.958052894907828412e-01 2.191421330777740150e+04 2.523840909257573003e+03 7.770124923268652614e+24 2.975821908982518005e+10
4.067696726723811322e-03 2.101821033696793600e+16 9.935870706623635140e-01 2.057934980797224125e+04 2.437540532291105137e+03 6.440416042368874540e+24 3.248067093761539078e+10
4.403439301666564436e-03 1.851892137062924800e+16 9.898537814934680323e-01 1.931615152347137700e+04 2.352427969484961523e+03 5.252975401939632891e+24 3.544334002843991089e+10
4.766893646734317487e-03 1.626404066333382400e+16 9.833979703763678915e-01 1.812213694000068426e+04 2.268717450752839795e+03 4.187917448314494829e+24 3.965880282690589905e+10
5.160347056600951381e-03 1.420447113561328000e+16 9.719788699724047909e-01 1.699468109582960096e+04 2.186585635981075484e+03 3.232703105975008495e+24 4.325701811023739624e+10
5.586275616367721540e-03 1.228257057908640000e+16 9.515330398044102855e-01 1.593106889578482514e+04 2.106176497703270798e+03 2.384313889431461936e+24 4.717237028995396423e+10
6.047359784087818525e-03 1.043125157454780800e+16 9.152372058879796324e-01 1.492853815277978174e+04 2.027605569028663467e+03 1.650787630789551687e+24 5.271848486713027191e+10
6.546501259452963163e-03 8.586955600522656000e+15 8.535871723951022894e-01 1.398431418438598848e+04 1.950963648283624934e+03 1.049572560344800456e+24 5.746984657195811462e+10
7.086841244800141069e-03 6.730229660403998000e+15 7.582086167218416994e-01 1.309563745260650285e+04 1.876320036574665892e+03 5.986949995217839425e+23 6.569503439126146698e+10
7.671780213358908238e-03 4.934349745757244000e+15 6.301857062884784755e-01 1.225978546456384902e+04 1.803725372183575928e+03 3.007133431056584608e+23 7.492381598552212524e+10
8.304999309144970449e-03 3.348846901510461000e+15 4.849924432781987926e-01 1.147408993477819422e+04 1.733214115709066164e+03 1.318716286910344169e+23 8.526839624641706848e+10
8.990483513174087060e-03 2.102119501235306750e+15 3.453120725564590154e-01 1.073595003442629968e+04 1.664806731682691861e+03 5.058765731239920298e+22 9.685289469977561951e+10
9.732546721786144647e-03 1.226928308941477250e+15 2.286624398758924648e-01 1.004284241058668158e+04 1.598511605635585966e+03 1.711054388037933649e+22 1.098145678737838287e+11
1.053585889490258644e-02 6.704671749683042500e+14 1.417994660278168728e-01 9.392328542208684667e+03 1.534326729988891202e+03 5.148517789778193678e+21 1.243051542434090271e+11
1.140547544506687397e-02 3.450367852054017500e+14 8.282817524641039597e-02 8.782059904150979492e+03 1.472241187461568416e+03 1.387848133293554270e+21 1.379379474177776794e+11
1.234686905221940925e-02 1.678620061549205938e+14 4.574771624790480162e-02 8.209781332034455772e+03 1.412236456760083456e+03 3.365020329223777157e+20 1.529978960383216553e+11
1.336596410442401732e-02 7.734355295595885938e+13 2.393475877419919823e-02 7.673332915639698513e+03 1.354287561997900411e+03 7.345846911626493952e+19 1.666007133491924438e+11
1.446917398128867716e-02 3.375200234928645312e+13 1.186236576103747060e-02 7.170650694616209876e+03 1.298364084479632766e+03 1.441327637667308544e+19 1.813966624701622925e+11
1.566344141471289267e-02 1.393092874936835742e+13 5.561516263093436649e-03 6.699766385342007197e+03 1.244431053087920191e+03 2.531933589232224256e+18 1.974899549843814697e+11
1.695628218096054129e-02 5.424849974678367188e+12 2.460439740938913551e-03 6.258806330263955715e+03 1.192449727460418217e+03 3.959617655679159040e+17 2.149938862292395630e+11
1.835583239902137398e-02 1.986447773519858398e+12 1.023718931771652740e-03 5.845989829660603391e+03 1.142378286382953547e+03 5.474040466145086400e+16 2.340316279823957520e+11
1.987089973291985764e-02 6.812669016831607666e+11 3.989906103327727654e-04 5.459626989446986045e+03 1.094172432306493420e+03 6.635501377725082000e+15 2.547370906390809326e+11
2.151101882019829797e-02 2.178437258851458130e+11 1.450080801639978541e-04 5.098116196528551882e+03 1.047785921582282299e+03 6.988684048857470000e+14 2.772558610613941650e+11
2.328651127539721130e-02 6.462429879361757660e+10 4.889919102674804318e-05 4.759941314607964159e+03 1.003171028870007035e+03 6.332051940943078906e+13 3.017462228497905884e+11
2.520855064614751367e-02 1.768955626564324951e+10 1.521722804480381166e-05 4.443668677678680069e+03 9.602789531822842264e+02 4.882388677625298828e+12 3.283802664134836426e+11
2.728923273065706964e-02 4.441904877803343773e+09 4.344623079275767936e-06 4.147943945228485973e+03 9.190601721635930517e+02 3.166696839798904419e+11 3.573450969067388306e+11
2.954165169911399103e-02 1.016767465861241460e+09 1.130883172562849996e-06 3.871488872031837673e+03 8.794647504450391580e+02 1.706221028639970016e+10 3.888441488596483154e+11
3.197998249805506649e-02 2.107369583615939319e+08 2.665611072469401389e-07 3.613098036005272206e+03 8.414426072528149234e+02 7.535050294904567003e+08 4.230986171737807007e+11
3.461957005628707451e-02 3.926249491937322915e+07 5.648570447656389583e-08 3.371635559663871391e+03 8.049437478652903337e+02 2.688432318989441916e+07 4.603490150851992188e+11
3.747702585375268375e-02 6.524613179699079134e+06 1.067732937336284143e-08 3.146031854020915489e+03 7.699184630004172050e+02 7.630576290806967299e+05 5.008568707315153809e+11
4.057033246106932223e-02 9.590626625608680770e+05 1.785430211604259941e-09 2.935280408127171540e+03 7.363174997624695379e+02 1.694553452885041770e+04 5.449065751094843750e+11
4.391895670763004689e-02 1.235853621983070334e+05 2.617520426452730786e-10 2.738434642690366218e+03 7.040922073771940859e+02 2.892439905242404166e+02 5.928073954910535889e+11
4.754397219045716078e-02 1.382757104060698293e+04 3.332219994690863813e-11 2.554604842214266228e+03 6.731946605905218348e+02 3.723029820350655328e+00 6.448956697972463379e+11
5.146819189478284151e-02 1.329577038927796821e+03 3.645878154149272403e-12 2.382955176736497833e+03 6.435777632923602596e+02 3.540507012394549652e-02 7.015371990325164795e+11
5.571631176096563526e-02 1.086620867402660480e+02 3.390801935244495119e-13 2.222700821428292784e+03 6.151953346486495775e+02 2.433578455760501864e-04 7.631298566826367188e+11
6.031506610123970463e-02 7.459402100260199120e+00 2.649096830391150855e-14 2.073105179965960360e+03 5.880021797775918913e+02 1.180938186647770375e-06 8.301064360067363281e+11
6.529339584436752442e-02 4.247067316334697806e-01 1.716663006218995818e-15 1.933477215623629718e+03 5.619541467859926342e+02 3.945230763944299606e-09 9.029377584439362793e+11
7.068263066699416453e-02 1.978517648572512139e-02 9.102688148359849360e-17 1.803168892410714761e+03 5.370081717858045067e+02 8.832105870272995669e-12 9.821360689485925293e+11
7.651668615789543326e-02 7.432690796851135033e-04 3.892607300888188560e-18 1.681572727235175535e+03 5.131223133364029536e+02 1.287229795867226753e-14 1.068258747014407959e+12
8.283227725591452151e-02 2.216938372813993168e-05 1.321731508886265700e-19 1.568119452972399586e+03 4.902557776024236773e+02 1.184178783106269397e-17 1.161912365504108398e+12
8.966914930479796819e-02 5.163415223750168415e-07 3.504705722112389642e-21 1.462275791422489647e+03 4.683689353779798239e+02 6.652373940617661383e-21 1.263757133236088623e+12
9.707032817900745902e-02 9.225080841771890535e-09 7.129170197504624593e-23 1.363542334415001733e+03 4.474233320039123214e+02 2.202740629898510679e-24 1.374511761672218262e+12
1.050823910546011958e-01 1.240498456383063873e-10 1.091562252442537197e-24 1.271451530742811656e+03 4.273816910937267721e+02 4.139478446428720859e-28 1.494958801095895020e+12
1.137557595292044282e-01 1.230260486521043185e-12 1.232712912845706547e-26 1.185565776153024217e+03 4.082079128845974765e+02 4.240017482517261828e-32 1.625950497476493408e+12
1.231450169357330149e-01 8.805662001650654393e-15 1.004774662746114764e-28 1.105475603273214801e+03 3.898670679409981972e+02 2.267175549321533028e-36 1.768415227914108643e+12
1.333092518467933196e-01 4.444841225899754152e-17 5.776093121737193874e-31 1.030797968088948892e+03 3.723253868589971489e+02 6.043662373296758558e-41 1.923364580296415527e+12
1.443124299315033665e-01 1.543795012389712835e-19 2.284908314011408234e-33 9.611746293993227255e+02 3.555502465480576006e+02 7.647089224055063043e-46 2.091901151750179199e+12
1.562237965049089183e-01 3.594065290343694372e-22 6.058943829938298405e-36 8.962706175489158795e+02 3.395101536034083551e+02 4.358870166550438180e-51 2.275227150831533203e+12
1.691183123033213331e-01 5.454483572277242887e-25 1.047437031978671562e-38 8.357727886566741518e+02 3.241747252249152211e+02 1.058743512364270053e-56 2.474653900396760742e+12
1.830771252280059547e-01 5.239119300547207752e-28 1.146115892723651679e-41 7.793884605260020635e+02 3.095146680871827130e+02 1.033007157106770883e-62 2.691612351981951660e+12
1.981880810259997183e-01 3.086727662751226387e-31 7.693050091922108253e-45 7.268441264183470594e+02 2.955017555197547381e+02 3.802919644290901881e-69 2.927664738575619629e+12
2.145462761218825398e-01 1.079156491898210216e-34 3.064434900549661008e-48 6.778842428984455637e+02 2.821088033151594914e+02 4.943613858809635082e-76 3.184517511198021973e+12
2.322546560795878956e-01 2.161844416367720983e-38 6.995098927566633666e-52 6.322700880081916921e+02 2.693096444457217444e+02 2.115796717465647592e-83 3.464035726027397949e+12
2.514246634604994646e-01 2.391744326208100318e-42 8.819169703445436692e-56 5.897786860935530058e+02 2.570791029370557794e+02 2.769194983247977757e-91 3.768259073268877930e+12
2.721769391549392902e-01 1.405854366849911096e-46 5.907987704620059453e-60 5.502017956919881954e+02 2.453929671165944910e+02 1.025634716449810093e-99 4.099419766871447266e+12
2.946420816006781740e-01 4.215847968286897707e-51 2.019372239234866203e-64 5.133449569841302491e+02 2.342279624290322317e+02 9.910258801620692526e-109 4.459962545859045898e+12
3.189614686663848064e-01 6.182353769415112606e-56 3.375723906826919520e-69 4.790265954217690023e+02 2.235617239868615798e+02 2.294862371108522047e-118 4.852567073690907227e+12
3.452881473723032890e-01 4.242397312451029451e-61 2.640945703271089409e-74 4.470771782638398122e+02 2.133727690029705286e+02 1.165856853332110394e-128 5.280173061844145508e+12
3.737877970473565958e-01 1.301473430282159088e-66 9.237967924335579592e-80 4.173384208836514517e+02 2.036404692332967556e+02 1.185803645616825939e-139 5.746008487711209961e+12
4.046397719840272300e-01 1.702909615656768773e-72 1.378442715758391454e-85 3.896625398551239527e+02 1.943450235405758235e+02 2.197344448083192964e-151 6.253621324717510742e+12
4.380382301526589695e-01 9.055873111561792577e-79 8.360879922683492269e-92 3.639115499853142524e+02 1.854674306750708865e+02 6.734618833427402393e-164 6.806915253817992188e+12
4.741933550784227513e-01 1.863401341315201014e-85 1.962579688334677503e-98 3.399566026375048295e+02 1.769894623546415175e+02 3.093754298283448950e-177 7.410189879432167969e+12
5.133326785704669382e-01 1.411646282327887211e-92 1.696396915614080063e-105 3.176773628865065007e+02 1.688936367144546864e+02 1.928219215161320415e-191 8.068186028265775391e+12
5.557025126274716120e-01 3.745580852906374844e-100 5.136771460971877048e-113 2.969614232682515080e+02 1.611631921858835597e+02 1.475447246717670451e-206 8.786136764806641602e+12
6.015694995308863424e-01 3.312385185626336026e-108 5.185350423581885526e-121 2.777037521313179695e+02 1.537820618545797799e+02 1.255005883165538293e-222 9.569824810693832031e+12
6.512222898809176819e-01 9.298108608380874790e-117 1.661894066403334242e-129 2.598061748691446837e+02 1.467348483391955085e+02 1.076191977995705196e-239 1.042564710454699609e+13
7.049733591354915285e-01 7.900969019237027777e-126 1.612778802974796357e-138 2.431768866062955681e+02 1.400067992246863469e+02 8.461061562577236358e-258 1.136068728211961719e+13
7.631609740840683553e-01 1.942036581320482694e-135 4.528573144973294013e-148 2.277299952243474479e+02 1.335837830774299846e+02 5.568626743872326990e-277 1.238279689209372070e+13
8.261513216317264430e-01 1.320768900556591885e-145 3.519444207781517275e-158 2.133850939321136480e+02 1.274522660634801383e+02 2.803724850855334485e-297 1.350068618963441797e+13
8.943408132904115959e-01 0.000000000000000000e+00 3.519444207781516928e-164 2.000668628944180512e+02 1.215992891860433645e+02 2.803724850855334707e-303 9.993489158418609577e+02
9.681585798799967613e-01 0.000000000000000000e+00 3.519444207781516928e-164 1.877046997109148947e+02 1.160124461536625518e+02 2.803724850855334707e-303 9.993489158418609577e+02
1.048069172138833993e+00 0.000000000000000000e+00 3.519444207781516928e-164 1.762323787533964037e+02 1.106798618865429376e+02 2.803724850855334707e-303 9.993489158418609577e+02
1.134575484239299215e+00 0.000000000000000000e+00 3.519444207781516928e-164 1.655877394951415909e+02 1.055901716649079987e+02 2.803724850855334707e-303 9.993489158418609577e+02
1.228221918606648977e+00 0.000000000000000000e+00 3.519444207781516928e-164 1.557124039677954670e+02 1.007325009201752408e+02 2.803724850855334707e-303 9.993489158418609577e+02
