# R (au) alpha f T_c (K) Sigma (g/cm²) EM (cm⁻⁶ pc) z_arr_mid_f (au)
4.779422919954704179e-04 3.426655038000573404e+04 2.110781399082615092e-06 2.086051891912789415e+03 2.904067594601051193e-05 1.047094092275580729e-01 3.044169686399359107e+08
5.173910480284310250e-04 6.599195876958281133e+02 1.250542591374358019e-06 2.039943832830491147e+03 3.543475997964336960e-02 4.450791412743063847e+04 3.313571602619895339e+08
5.600958547993388796e-04 3.406250002327283255e+02 1.140336577231071782e-06 2.063322757266936605e+03 8.587636407932965066e-02 1.438393288058197941e+05 3.840787081266211271e+08
6.063254626434195658e-04 2.037588142204386088e+02 1.297635679379414023e-06 2.137607297378403018e+03 1.556877975936202807e-01 4.035784073381228955e+05 4.203029092680920959e+08
6.563708042107633915e-04 1.293812539288105938e+02 1.502830717260411146e-06 2.239856242097638187e+03 2.507687504219539010e-01 1.148115933879144723e+06 4.615134693802244067e+08
7.105468253667106835e-04 8.503918791941380562e+01 1.631070522974346599e-06 2.352169538384348471e+03 3.780296232699175141e-01 2.870111528257655911e+06 5.193718494147382975e+08
7.691944672124583458e-04 5.723241536729597811e+01 1.719409031362674780e-06 2.463646802405448398e+03 5.457080561827721832e-01 6.185817721926490776e+06 5.986851575257960558e+08
8.326828116991500132e-04 3.920121110572039669e+01 1.868218380838714590e-06 2.568627701676155084e+03 7.638073771337589024e-01 1.214204213099284098e+07 6.708787122207467556e+08
9.014114043382604304e-04 2.721933545284208833e+01 2.173896555760306039e-06 2.664580054211367951e+03 1.044561216854265950e+00 2.306192040105262026e+07 7.088550487814435959e+08
9.758127686255745926e-04 1.910620660910510082e+01 2.675457515542332527e-06 2.750655282661914498e+03 1.402944315155455479e+00 4.415625788681428879e+07 6.953116675331541300e+08
1.056355128002557696e-03 1.353038172322651356e+01 3.347193271069893934e-06 2.826860217588332944e+03 1.857265068074248626e+00 8.602376560340103507e+07 5.822107218216307163e+08
1.143545352485003577e-03 9.652068947973523549e+00 4.131855760966061213e-06 2.893613447591886597e+03 2.429870770511737721e+00 1.678698924959961772e+08 3.317290200711196065e+08
1.237932148502700119e-03 6.927774401791968906e+00 4.963661185989038579e-06 2.951513971169102206e+03 3.147994359057047387e+00 3.207424825604874492e+08 0.000000000000000000e+00
1.340109512024454871e-03 4.998366006291139918e+00 5.780014862745916326e-06 3.001222269791921008e+03 4.044773336762310656e+00 5.896871100316582918e+08 0.000000000000000000e+00
1.450720466699718545e-03 3.622451913895221587e+00 6.528488894089810051e-06 3.043400279287115609e+03 5.160476099164001518e+00 1.033858293371279955e+09 0.000000000000000000e+00
1.570461110541720735e-03 2.635468956408951957e+00 7.170279413175459013e-06 3.078682232315860801e+03 6.543977267843620105e+00 1.724150487698315620e+09 0.000000000000000000e+00
1.700084996618747091e-03 1.923894188935875826e+00 7.680691388305413501e-06 3.107661707293586005e+03 8.254531645922842387e+00 2.738519965010910511e+09 0.000000000000000000e+00
1.840407875322155971e-03 1.408627576601823250e+00 8.047653523642328069e-06 3.130887151306839314e+03 1.036390611972604070e+01 4.155636849312036991e+09 0.000000000000000000e+00
1.992312828055259333e-03 1.034082839256672104e+00 8.269319121176954475e-06 3.148861760809199495e+03 1.295894048307268775e+01 6.047784277959192276e+09 0.000000000000000000e+00
2.156755824650410241e-03 7.609110879215762457e-01 8.351523185618631501e-06 3.162045512648665863e+03 1.614462209865028086e+01 8.474053971929932594e+09 0.000000000000000000e+00
2.334771739488321948e-03 5.610811461887960094e-01 8.305511991596430116e-06 3.170858159025724035e+03 2.004777596558702157e+01 1.147491993161117554e+10 0.000000000000000000e+00
2.527480864180301889e-03 4.145141799704325503e-01 8.146089290444331177e-06 3.175682552915642646e+03 2.482149165576004890e+01 1.506920979350270271e+10 0.000000000000000000e+00
2.736095957799115214e-03 3.067582063605014397e-01 7.890167350488395604e-06 3.176867972766268394e+03 3.065043233911679010e+01 1.925431602596595001e+10 0.000000000000000000e+00
2.961929879027015104e-03 2.273670069848686137e-01 7.555648023259659173e-06 3.174733281364425693e+03 3.775719948743891052e+01 2.401018495076459503e+10 0.000000000000000000e+00
3.206403848251694610e-03 1.687613916771037170e-01 7.160552217697698803e-06 3.169569844890775585e+03 4.640996071776181964e+01 2.930721401368260574e+10 0.000000000000000000e+00
3.471056391605246202e-03 1.254239006796885048e-01 6.722334820729406003e-06 3.161644187641927601e+03 5.693158867381988841e+01 3.511774068770162964e+10 0.000000000000000000e+00
3.757553023232860796e-03 9.332593048826194615e-02 6.257346435489701289e-06 3.151200384047695024e+03 6.971060711365598195e+01 4.143040875706629181e+10 0.000000000000000000e+00
4.067696726723811322e-03 6.951806253648210032e-02 5.780423064429792543e-06 3.138462202698181954e+03 8.521429798459436711e+01 4.826643489748831940e+10 0.000000000000000000e+00
4.403439301666564436e-03 5.183573475662729690e-02 5.304596378749166962e-06 3.123635022903321897e+03 1.040043920243906399e+02 5.569672212273499298e+10 0.000000000000000000e+00
4.766893646734317487e-03 3.868690178348115072e-02 4.840920730402668578e-06 3.106907546117970469e+03 1.267558474767170367e+02 6.385887340766121674e+10 0.000000000000000000e+00
5.160347056600951381e-03 2.889827443556391290e-02 4.398410709011286596e-06 3.088453324247031105e+03 1.542793194093494833e+02 7.297338385333547974e+10 0.000000000000000000e+00
5.586275616367721540e-03 2.160360530157292430e-02 3.984077446713492517e-06 3.068432125470320898e+03 1.875480389267710848e+02 8.335851567125942993e+10 0.000000000000000000e+00
6.047359784087818525e-03 1.616227791110842402e-02 3.603045281615376948e-06 3.046991156378689539e+03 2.277299609096184838e+02 9.544343559224296570e+10 0.000000000000000000e+00
6.546501259452963163e-03 1.209981738845777519e-02 3.258724305174115456e-06 3.024266157244027454e+03 2.762262051285714506e+02 1.097789567756413269e+11 0.000000000000000000e+00
7.086841244800141069e-03 9.064312095385988755e-03 2.953009584143089246e-06 3.000382385317861463e+03 3.347170138341400616e+02 1.270445306597949829e+11 0.000000000000000000e+00
7.671780213358908238e-03 6.794418736788101869e-03 2.686475273841073658e-06 2.975455499251425408e+03 4.052166853690200128e+02 1.480488868674085693e+11 0.000000000000000000e+00
8.304999309144970449e-03 5.095823615711674547e-03 2.458533333602800684e-06 2.949592356124755952e+03 4.901392253357550999e+02 1.737199495340088501e+11 0.000000000000000000e+00
8.990483513174087060e-03 3.823892496708156553e-03 2.267536171585049807e-06 2.922891731106538373e+03 5.923767930969202098e+02 2.050776108846033325e+11 0.000000000000000000e+00
9.732546721786144647e-03 2.870859933562836756e-03 2.110825337599276745e-06 2.895444968517140296e+03 7.153934223360496389e+02 2.431811651629006348e+11 0.000000000000000000e+00
1.053585889490258644e-02 2.156355343506509252e-03 1.984763636494224508e-06 2.867336571948693745e+03 8.633369724498975302e+02 2.890425136294152832e+11 0.000000000000000000e+00
1.140547544506687397e-02 1.620386468365883105e-03 1.884818366187380484e-06 2.838644740137404369e+03 1.041172837483571129e+03 3.434974883861156006e+11 0.000000000000000000e+00
1.234686905221940925e-02 1.218135796138222152e-03 1.805756135826376514e-06 2.809441854447714832e+03 1.254843618772654736e+03 4.070314526719227295e+11 0.000000000000000000e+00
1.336596410442401732e-02 9.160966813465153732e-04 1.741949833258436986e-06 2.779794923103131168e+03 1.511459777412475432e+03 4.795624899174361572e+11 0.000000000000000000e+00
1.446917398128867716e-02 6.892009266181309138e-04 1.687725526512967185e-06 2.749765986676603461e+03 1.819527248156816313e+03 5.601977756564322510e+11 0.000000000000000000e+00
1.566344141471289267e-02 5.186811234968775495e-04 1.637659829109569512e-06 2.719412488805813155e+03 2.189219147129382691e+03 6.469987600467984619e+11 0.000000000000000000e+00
1.695628218096054129e-02 3.904782120289998644e-04 1.586795722011874066e-06 2.688787615632945744e+03 2.632700077334305661e+03 7.368187316473666992e+11 0.000000000000000000e+00
1.835583239902137398e-02 2.940540942655467849e-04 1.530823681089447372e-06 2.657940607059299055e+03 3.164513170640534554e+03 8.253038222807309570e+11 0.000000000000000000e+00
1.987089973291985764e-02 2.215055030460903664e-04 1.466306573429175357e-06 2.626917042547135679e+03 3.802041953047201332e+03 9.071543542453049316e+11 0.000000000000000000e+00
2.151101882019829797e-02 1.669021572516746763e-04 1.390981262925003922e-06 2.595759103900541049e+03 4.566061441672902220e+03 9.766992343237584229e+11 0.000000000000000000e+00
2.328651127539721130e-02 1.257920598927558256e-04 1.304069347573096156e-06 2.564505817177027893e+03 5.481395648393920965e+03 1.028729143832787842e+12 0.000000000000000000e+00
2.520855064614751367e-02 9.483146592028748639e-05 1.206442810412356680e-06 2.533193275654776699e+03 6.577701961657760876e+03 1.059398438824757935e+12 0.000000000000000000e+00
2.728923273065706964e-02 7.150791739820932472e-05 1.100498362808753280e-06 2.501854845571313490e+03 7.890406805998282834e+03 1.066923327187699219e+12 0.000000000000000000e+00
2.954165169911399103e-02 5.393280890699975768e-05 9.897150767255693521e-07 2.470521356163198561e+03 9.461821658901233604e+03 1.051848679105253296e+12 0.000000000000000000e+00
3.197998249805506649e-02 4.068593678757848633e-05 8.780214449207816381e-07 2.439221275390840219e+03 1.134247408101668771e+04 1.016817728102685547e+12 0.000000000000000000e+00
3.461957005628707451e-02 3.069894051890362653e-05 7.691702153521603374e-07 2.407980872574422847e+03 1.359269505903498975e+04 9.659611583000969238e+11 0.000000000000000000e+00
3.747702585375268375e-02 2.316786035845594017e-05 6.662791700949694545e-07 2.376824369057623244e+03 1.628451187551629482e+04 9.041236940096210938e+11 0.000000000000000000e+00
4.057033246106932223e-02 1.748750586127203040e-05 5.715979599417233603e-07 2.345774077901051442e+03 1.950390514905218515e+04 8.361379240645185547e+11 0.000000000000000000e+00
4.391895670763004689e-02 1.320217217808623311e-05 4.864755223337422651e-07 2.314850533502651160e+03 2.335349992060301156e+04 7.662768610280905762e+11 0.000000000000000000e+00
4.754397219045716078e-02 1.000000000000000082e-05 4.090526364983049366e-07 2.282637243166637290e+03 2.788556286742331577e+04 6.864033349792869873e+11 0.000000000000000000e+00
5.146819189478284151e-02 1.000000000000000082e-05 2.008981988712102391e-07 2.129068961716876402e+03 2.665875003022486999e+04 1.413598187737894897e+11 0.000000000000000000e+00
5.571631176096563526e-02 1.000000000000000082e-05 1.013148444912476840e-07 1.985685402258937074e+03 2.548307225883540013e+04 2.957849032424222183e+10 0.000000000000000000e+00
6.031506610123970463e-02 1.000000000000000082e-05 5.010917045427483745e-08 1.851827665404269510e+03 2.435665745772084483e+04 5.336341696596901894e+09 0.000000000000000000e+00
6.529339584436752442e-02 1.000000000000000082e-05 2.152341317741244992e-08 1.726877577032402542e+03 2.327767673478582583e+04 7.283508818410617113e+08 0.000000000000000000e+00
7.068263066699416453e-02 1.000000000000000082e-05 7.993372289214451947e-09 1.610255399810391509e+03 2.224434626608199324e+04 7.710335973018534482e+07 0.000000000000000000e+00
7.651668615789543326e-02 1.000000000000000082e-05 2.648854172583902723e-09 1.501417644025055097e+03 2.125492872250122673e+04 6.633969125367173925e+06 0.000000000000000000e+00
8.283227725591452151e-02 1.000000000000000082e-05 7.964903058176349699e-10 1.399854977634041234e+03 2.030773431188198083e+04 4.738135916013398091e+05 0.000000000000000000e+00
8.966914930479796819e-02 1.000000000000000082e-05 2.181159723169733036e-10 1.305090234642454789e+03 1.940112148419893492e+04 2.813889393401089183e+04 0.000000000000000000e+00
9.707032817900745902e-02 1.000000000000000082e-05 5.423182664702400695e-11 1.216676520267876867e+03 1.853349734236257427e+04 1.378192779761076508e+03 0.000000000000000000e+00
1.050823910546011958e-01 1.000000000000000082e-05 1.216864985373506233e-11 1.134195410844178468e+03 1.770331779655770151e+04 5.496290240287841300e+01 0.000000000000000000e+00
1.137557595292044282e-01 1.000000000000000082e-05 2.445729129357685836e-12 1.057255246013218084e+03 1.690908749593752873e+04 1.758176962474134353e+00 0.000000000000000000e+00
1.231450169357330149e-01 1.000000000000000082e-05 4.366816075002095641e-13 9.854895104460327957e+02 1.614935956781082314e+04 4.437630752737977552e-02 0.000000000000000000e+00
1.333092518467933196e-01 1.000000000000000082e-05 6.865219076184110637e-14 9.185553021064339418e+02 1.542273519116567149e+04 8.683116735493114600e-04 0.000000000000000000e+00
1.443124299315033665e-01 1.000000000000000082e-05 9.413530371906868973e-15 8.561318839074566540e+02 1.472786302842419173e+04 1.292546593797701582e-05 0.000000000000000000e+00
1.562237965049089183e-01 1.000000000000000082e-05 1.114421040454129555e-15 7.979193155039044996e+02 1.406343853668064185e+04 1.434505849642168105e-07 0.000000000000000000e+00
1.691183123033213331e-01 1.000000000000000082e-05 1.126739569104544582e-16 7.436371619030464899e+02 1.342820317730892748e+04 1.161614874367520112e-09 0.000000000000000000e+00
1.830771252280059547e-01 1.000000000000000082e-05 9.616465151701296804e-18 6.930232755523838932e+02 1.282094354070447844e+04 6.706082335576244642e-12 0.000000000000000000e+00
1.981880810259997183e-01 1.000000000000000082e-05 6.842241541912721698e-19 6.458326485716460184e+02 1.224049040102575782e+04 2.692371799577834772e-14 0.000000000000000000e+00
2.145462761218825398e-01 1.000000000000000082e-05 4.004513642236026543e-20 6.018363318298891045e+02 1.168571771409738358e+04 7.319560396119240082e-17 0.000000000000000000e+00
2.322546560795878956e-01 1.000000000000000082e-05 1.900294138897772362e-21 5.608204176230146913e+02 1.115554157011138705e+04 1.309467558214114599e-19 0.000000000000000000e+00
2.514246634604994646e-01 1.000000000000000082e-05 7.199542064585846900e-23 5.225850827779237306e+02 1.064891911139586045e+04 1.494955447619024570e-22 0.000000000000000000e+00
2.721769391549392902e-01 1.000000000000000082e-05 2.141922407379110689e-24 4.869436890934265989e+02 1.016484742429592916e+04 1.053828591525002147e-25 0.000000000000000000e+00
2.946420816006781740e-01 1.000000000000000082e-05 4.915775724583176740e-26 4.537219381219196634e+02 9.702362413115082745e+03 4.427441071281733085e-29 0.000000000000000000e+00
3.189614686663848064e-01 1.000000000000000082e-05 8.538455618896861307e-28 4.227570773972720986e+02 9.260537663083388907e+03 1.067286203922713417e-32 0.000000000000000000e+00
3.452881473723032890e-01 1.000000000000000082e-05 1.099687549593167398e-29 3.938971553211931678e+02 8.838483298440320141e+03 1.417253062384413843e-36 0.000000000000000000e+00
3.737877970473565958e-01 1.000000000000000082e-05 1.027346413775800590e-31 3.670003220308909704e+02 8.435344840934156309e+03 9.923072598571722513e-41 0.000000000000000000e+00
4.046397719840272300e-01 1.000000000000000082e-05 6.799581076649464628e-34 3.419341736836362315e+02 8.050302073337467846e+03 3.495245299210741355e-45 0.000000000000000000e+00
4.380382301526589695e-01 1.000000000000000082e-05 3.108717675507903372e-36 3.185751377077470465e+02 7.682567911950519374e+03 5.889096388538367153e-50 0.000000000000000000e+00
4.741933550784227513e-01 1.000000000000000082e-05 9.555089767134581175e-39 2.968078966835976189e+02 7.331387291504159293e+03 4.496407578434014503e-55 0.000000000000000000e+00
5.133326785704669382e-01 1.000000000000000082e-05 1.917839686898807589e-41 2.765248486318115511e+02 6.996036065374268219e+03 1.467986179773632591e-60 0.000000000000000000e+00
5.557025126274716120e-01 1.000000000000000082e-05 2.436545582271843698e-44 2.576256015982636427e+02 6.675819923574355926e+03 1.925654883014630485e-66 0.000000000000000000e+00
6.015694995308863424e-01 1.000000000000000082e-05 1.895011325489411277e-47 2.400165005365397519e+02 6.370073330596825144e+03 9.493765407828519905e-73 0.000000000000000000e+00
6.512222898809176819e-01 1.000000000000000082e-05 8.705218968392025551e-51 2.236101845978450342e+02 6.078158484820982267e+03 1.637635040009303025e-79 0.000000000000000000e+00
7.049733591354915285e-01 1.000000000000000082e-05 2.273169501883144476e-54 2.083251730459240321e+02 5.799464300893287145e+03 9.153880503697227790e-87 0.000000000000000000e+00
7.631609740840683553e-01 1.000000000000000082e-05 3.238545611370996027e-58 1.940854781203840957e+02 5.533405416208019233e+03 1.527318625565372322e-94 0.000000000000000000e+00
8.261513216317264430e-01 1.000000000000000082e-05 2.409198389321141397e-62 1.808202432760672878e+02 5.279421222371439399e+03 6.966426690108474437e-103 0.000000000000000000e+00
8.943408132904115959e-01 1.000000000000000082e-05 8.929376027024855291e-67 1.684634053290220947e+02 5.036974922315866934e+03 7.907055387473910556e-112 0.000000000000000000e+00
9.681585798799967613e-01 1.000000000000000082e-05 1.568294259474352937e-71 1.569533791415633743e+02 4.805552613539352933e+03 2.019840509849195122e-121 0.000000000000000000e+00
1.048069172138833993e+00 1.000000000000000082e-05 1.237264124654357229e-76 1.462327635802877808e+02 4.584662397778941340e+03 1.043171557553386437e-131 0.000000000000000000e+00
1.134575484239299215e+00 1.000000000000000082e-05 4.141590608803715750e-82 1.362480675822177716e+02 4.373833517278595536e+03 9.716364640714264459e-143 0.000000000000000000e+00
1.228221918606648977e+00 1.000000000000000082e-05 5.535967963120801061e-88 1.269494552659428024e+02 4.172615517684443148e+03 1.445279795342962921e-154 0.000000000000000000e+00
