# R (au) ne f T_c (K) Sigma (g/cm²) EM (cm⁻⁶ pc) z_arr_mid_f (au)
4.779422919954704179e-04 1.285909191669319123e+08 4.947520064307741616e-11 3.006659707073379195e+03 4.610536220451434929e+03 4.299493063255749876e+05 7.051633497747106552e+08
5.173910480284310250e-04 2.935992020083649741e+19 8.896245850045427783e-01 3.940413323466841393e+04 2.387100585854500532e+05 7.340930320676697227e+29 2.143407877341194868e+09
5.600958547993388796e-04 3.547930735560704000e+19 9.361948413856253648e-01 4.802141497502224956e+04 3.408342838123018737e+05 1.451068724666991061e+30 2.600115956044725895e+09
6.063254626434195658e-04 3.683015195486499635e+19 9.493223211021681873e-01 5.217331327549203706e+04 4.096341046625042800e+05 1.875483106972320168e+30 3.052562897908964157e+09
6.563708042107633915e-04 3.619860106104818893e+19 9.553028445257515378e-01 5.408064725766605261e+04 4.587952460440637660e+05 2.094356403599049828e+30 3.500471333170810223e+09
7.105468253667106835e-04 3.457194999207408435e+19 9.585035432164141778e-01 5.463285465530903457e+04 4.943898266788687906e+05 2.169590265216620132e+30 3.962759395146413326e+09
7.691944672124583458e-04 3.243604353241127322e+19 9.602480281919405503e-01 5.430011769573049241e+04 5.199031318659303943e+05 2.146101233630300721e+30 4.449757209327468872e+09
8.326828116991500132e-04 3.006349937966769766e+19 9.610584066912407630e-01 5.336772034524987976e+04 5.376155786162504228e+05 2.056856820429131752e+30 4.968673143398292542e+09
9.014114043382604304e-04 2.761686758297357517e+19 9.611636285929195944e-01 5.202338133217600989e+04 5.491415686186590465e+05 1.925989767437763500e+30 5.525423404888943672e+09
9.758127686255745926e-04 2.519536942655091507e+19 9.606574443627444726e-01 5.039718164819724188e+04 5.556846728116746526e+05 1.770996703651400329e+30 6.125401665951082230e+09
1.056355128002557696e-03 2.285930335911247872e+19 9.595564071656880190e-01 4.858241945807226148e+04 5.581749452405668562e+05 1.604377924351381401e+30 6.773859576061107635e+09
1.143545352485003577e-03 2.064403493687486054e+19 9.578217502121310067e-01 4.664758179655059212e+04 5.573498875763529213e+05 1.434886057819780595e+30 7.476121651121620178e+09
1.237932148502700119e-03 1.856854593096325530e+19 9.553650859671498630e-01 4.464371855254397087e+04 5.538056006254556123e+05 1.268484468099903548e+30 8.237722259954653740e+09
1.340109512024454871e-03 1.664089730463265587e+19 9.520448076920664526e-01 4.260923823984348564e+04 5.480308937970232219e+05 1.109085154355821917e+30 9.064503521869779587e+09
1.450720466699718545e-03 1.486183080595167642e+19 9.476554057454459334e-01 4.057316381651677511e+04 5.404310372775384458e+05 9.591176561819648909e+29 9.962692975899715424e+09
1.570461110541720735e-03 1.322719593217599078e+19 9.419100007590910373e-01 3.855742057461073273e+04 5.313448977177239722e+05 8.199678908741562937e+29 1.093897093086848450e+10
1.700084996618747091e-03 1.172961366756514202e+19 9.344156907780687416e-01 3.657848954992171639e+04 5.210576683309536893e+05 6.923162250440893026e+29 1.200053307858208466e+10
1.840407875322155971e-03 1.035964141606893158e+19 9.246415914131729252e-01 3.464863018513436691e+04 5.098105610841217567e+05 5.763961532758181347e+29 1.315515173325138474e+10
1.992312828055259333e-03 9.106625697940234240e+18 9.118812210377381655e-01 3.277680177506599284e+04 4.978083404676143546e+05 4.721880327674043962e+29 1.477151881464797401e+10
2.156755824650410241e-03 7.959391936823427072e+18 8.952152778274227174e-01 3.096936889977197279e+04 4.852252835903552477e+05 3.795560887735886095e+29 1.617235309237557983e+10
2.334771739488321948e-03 6.906906041331720192e+18 8.734893944422498224e-01 2.923064857225260130e+04 4.722099668492767960e+05 2.983314974139212730e+29 1.769666522999015808e+10
2.527480864180301889e-03 5.939029377268527104e+18 8.453348502809159282e-01 2.756333922925003208e+04 4.588891602313906187e+05 2.283406397495251813e+29 1.982753525347716522e+10
2.736095957799115214e-03 5.047441820110272512e+18 8.092750598545748186e-01 2.596886009688638660e+04 4.453710311321212212e+05 1.693775601793995685e+29 2.167676310654678726e+10
2.961929879027015104e-03 4.226679038234268672e+18 7.639641301161264053e-01 2.444762162519224876e+04 4.317478056630268693e+05 1.211261803614958399e+29 2.425328853280421448e+10
3.206403848251694610e-03 3.475000317675208192e+18 7.085723910019671168e-01 2.299924226757696306e+04 4.180979978911747457e+05 8.305295623092256025e+28 2.711180817758237839e+10
3.471056391605246202e-03 2.794568740478998016e+18 6.432501701724758769e-01 2.162272305947546556e+04 4.044882907972536632e+05 5.431090550029017872e+28 3.028181638955606079e+10
3.757553023232860796e-03 2.190438875385169920e+18 5.694930690481582181e-01 2.031658870501347701e+04 3.909751334624484880e+05 3.370768074880607547e+28 3.379579083373942947e+10
4.067696726723811322e-03 1.668321352868012032e+18 4.901903368142883077e-01 1.907900187570570779e+04 3.776061048209998407e+05 1.977512588791698171e+28 3.768948847855033875e+10
4.403439301666564436e-03 1.231837260789005312e+18 4.092446669712200280e-01 1.790785593922418047e+04 3.644210837365083862e+05 1.093202046935791733e+28 4.200227033336769104e+10
4.766893646734317487e-03 8.803910100768908800e+17 3.308645368433052458e-01 1.680085021989143570e+04 3.514532571538377088e+05 5.681952586076033003e+27 4.677745772253619385e+10
5.160347056600951381e-03 6.084803300970952960e+17 2.587923454878593432e-01 1.575555104348568238e+04 3.387299919416299672e+05 2.772261795683767898e+27 5.310397760553508759e+10
5.586275616367721540e-03 4.064921475386924800e+17 1.957308028807473732e-01 1.476944116593079889e+04 3.262735912808557041e+05 1.268277849263813068e+27 5.904601941023356628e+10
6.047359784087818525e-03 2.624026715890195840e+17 1.430991683118494617e-01 1.383995967808462410e+04 3.141019527230752283e+05 5.435018739244109865e+26 6.561659713715490723e+10
6.546501259452963163e-03 1.636353250209564160e+17 1.011012291452708517e-01 1.296453408097689135e+04 3.022291420866375556e+05 2.179256773298348115e+26 7.287990726110148621e+10
7.086841244800141069e-03 9.853784577015480000e+16 6.899722010230424640e-02 1.214060591121160905e+04 2.906658949964656495e+05 8.164246777326471539e+25 7.943551360547035217e+10
7.671780213358908238e-03 5.726210762918339200e+16 4.545425155879158352e-02 1.136565104550756041e+04 2.794200559679996222e+05 2.852368655297094059e+25 8.817100438584547424e+10
8.304999309144970449e-03 3.208170347402500800e+16 2.887781872850934961e-02 1.063719561212967892e+04 2.684969633873203420e+05 9.270788647559150397e+24 9.607433218515249634e+10
8.990483513174087060e-03 1.730650695749623200e+16 1.766971871122730714e-02 9.952828274451863763e+03 2.578997874712692865e+05 2.794603638843665031e+24 1.046724113924134369e+11
9.732546721786144647e-03 8.974272400703382000e+15 1.039535048195568134e-02 9.310209519882477252e+03 2.476298272455267434e+05 7.784038846257316024e+23 1.140259958017166901e+11
1.053585889490258644e-02 4.464170258013922500e+15 5.868137147774704632e-03 8.707078479588803020e+03 2.376867717105330084e+05 1.994681494808169462e+23 1.242011303272140045e+11
1.140547544506687397e-02 2.125143935596200250e+15 3.170745887816403281e-03 8.141257716016019913e+03 2.280689296402698965e+05 4.678911164782244948e+22 1.352696114847311859e+11
1.234686905221940925e-02 9.654774289067781250e+14 1.635374549887229920e-03 7.610656342323608442e+03 2.187734318502398673e+05 9.989863013580200215e+21 1.473094878712500000e+11
1.336596410442401732e-02 4.173048673182539375e+14 8.026272606866288436e-04 7.113271777585288874e+03 2.097964092571990041e+05 1.929240266224310682e+21 1.604056041211877136e+11
1.446917398128867716e-02 1.710132176794340312e+14 3.735545763749006693e-04 6.647190391567973165e+03 2.011331496174221102e+05 3.346764955282005033e+20 1.746501921200381775e+11
1.566344141471289267e-02 6.619676698036786719e+13 1.642476871480591169e-04 6.210587251251045018e+03 1.927782354589809256e+05 5.176162844867665920e+19 1.901435135838999939e+11
1.695628218096054129e-02 2.410456739507863672e+13 6.794695521542092455e-05 5.801725146472346751e+03 1.847256654058446875e+05 7.079353476700438528e+18 2.069945584699629211e+11
1.835583239902137398e-02 8.220491566198166016e+12 2.632951605879410152e-05 5.418953042986217952e+03 1.769689608187566046e+05 8.487112334879260160e+17 2.253218040706236572e+11
1.987089973291985764e-02 2.613141669528690430e+12 9.511415754506328637e-06 5.060704086814981565e+03 1.695012594426189316e+05 8.834668741685779200e+16 2.452540400652550964e+11
2.151101882019829797e-02 7.703150347348941650e+11 3.186743209882454019e-06 4.725493263274445781e+03 1.623153975466760457e+05 7.904174916916669000e+15 2.669312652616710205e+11
2.328651127539721130e-02 2.094211923061267395e+11 9.848091082495946516e-07 4.411914796806515369e+03 1.554039818672599504e+05 6.011729203164585000e+14 2.905056622572042236e+11
2.520855064614751367e-02 5.219730900877044678e+10 2.790523027877331632e-07 4.118639363224225235e+03 1.487594525092577678e+05 3.841540083152005469e+13 3.161426567905112915e+11
2.728923273065706964e-02 1.185191300755814362e+10 7.204147914352808535e-08 3.844411173726672587e+03 1.423741378284355160e+05 2.036486512049430664e+12 3.440220691435053101e+11
2.954165169911399103e-02 2.434863905867278099e+09 1.682959105186562182e-08 3.588044979709482050e+03 1.362403021995219751e+05 8.835439329092884827e+10 3.743393655922840576e+11
3.197998249805506649e-02 4.492833361966363192e+08 3.531583785709858408e-09 3.348423038677368822e+03 1.303501874721713248e+05 3.091781605845439911e+09 4.073070186010445557e+11
3.461957005628707451e-02 7.387595428586071730e+07 6.604592091242475576e-10 3.124492074207879341e+03 1.246960488266168395e+05 8.590500467032888532e+07 4.431559852085902100e+11
3.747702585375268375e-02 1.073365917225484364e+07 1.091504722675035994e-10 2.915260256707878852e+03 1.192701856613223208e+05 1.863583931997015607e+06 4.821373138784412231e+11
4.057033246106932223e-02 1.365549388658658136e+06 1.579644546902596310e-11 2.719794226470579815e+03 1.140649680748113606e+05 3.099930686395729572e+04 5.245238909764805908e+11
4.391895670763004689e-02 1.506409972928459465e+05 1.982469943657885584e-12 2.537216176132244982e+03 1.090728594419000292e+05 3.877924109551284459e+02 5.706123390107728271e+11
4.754397219045716078e-02 1.425945940918188353e+04 2.135076793240349148e-13 2.366701005918831470e+03 1.042864355297307775e+05 3.573057171000944443e+00 6.207250798234870605e+11
5.146819189478284151e-02 1.145245470927437282e+03 1.951146524481637288e-14 2.207473561958339815e+03 9.969840055041876622e+04 2.371124055130086061e-02 6.752125770721635742e+11
5.571631176096563526e-02 7.710455441095056983e+01 1.494804704908601090e-15 2.058805965324935642e+03 9.530160050400556065e+04 1.106380078780009387e-04 7.344557735849298096e+11
6.031506610123970463e-02 4.295460943312849444e+00 9.476720559238921238e-17 1.920015037300277754e+03 9.108903412710812700e+04 3.537372867644076277e-07 7.988687405305541992e+11
6.529339584436752442e-02 1.952691436024652227e-01 4.902923591692213874e-18 1.790459824521596147e+03 8.705386172857502243e+04 7.537818447550058585e-10 8.689015568189769287e+11
7.068263066699416453e-02 7.135921608667654403e-03 2.039260728243665170e-19 1.669539226180245805e+03 8.318941216312338656e+04 1.039131064653980580e-12 9.450434387516621094e+11
7.651668615789543326e-02 2.062895742080243799e-04 6.710082298571648647e-21 1.556689724192023505e+03 7.948918816688621882e+04 8.975722554554530809e-16 1.027826141685248901e+12
8.283227725591452151e-02 4.636791863080919637e-06 1.716807257376584017e-22 1.451383216242058552e+03 7.594687025468218781e+04 4.693849223772910049e-19 1.117827657368951416e+12
8.966914930479796819e-02 7.954621178330704632e-08 3.352749867208001865e-24 1.353124950778369339e+03 7.255631935728401004e+04 1.432287331985028179e-22 1.215676232679767822e+12
9.707032817900745902e-02 1.021025680403195466e-09 4.899133602327962885e-26 1.261451562360653725e+03 6.931157835772691760e+04 2.451120162627379396e-26 1.322054737724671875e+12
1.050823910546011958e-01 9.598073867929277826e-12 5.243121133272288177e-28 1.175929205239640851e+03 6.620687266850371088e+04 2.254481460853513180e-30 1.437705413722107178e+12
1.137557595292044282e-01 6.457894341762820954e-14 4.016438895948931249e-30 1.096151782626391196e+03 6.323660997611437779e+04 1.064673202293264199e-34 1.563435033734405762e+12
1.231450169357330149e-01 3.034239979754935804e-16 2.148646104146779231e-32 1.021739268792227108e+03 6.039537926567820978e+04 2.457739277707534107e-39 1.700120512218041748e+12
1.333092518467933196e-01 9.695338927726831229e-19 7.817396146151941619e-35 9.523361209030633745e+02 5.767794922599770507e+04 2.630742782683563874e-44 1.848715002512276123e+12
1.443124299315033665e-01 2.047778399223251185e-21 1.880116800883522030e-37 8.876097773236803050e+02 5.507926612443475460e+04 1.233698131376259093e-49 2.010254524823112549e+12
1.562237965049089183e-01 2.773006510532949627e-24 2.899167455586824711e-40 8.272492390165899678e+02 5.259445123107877589e+04 2.384821020349448722e-55 2.185865171006251953e+12
1.691183123033213331e-01 2.329855141244263139e-27 2.773887892621140290e-43 7.709637305970700254e+02 5.021879786283659632e+04 1.779811386221337912e-61 2.376770936540825684e+12
1.830771252280059547e-01 1.172541162161399719e-30 1.589798101160279706e-46 7.184814375823710861e+02 4.794776811014186387e+04 4.779675434302782414e-68 2.584302234550400879e+12
1.981880810259997183e-01 3.403541013568941847e-34 5.255504256158814927e-50 6.695483163821795642e+02 4.577698930187718361e+04 4.282402762940419890e-75 2.809905151609187012e+12
2.145462761218825398e-01 5.471527999415837561e-38 9.622248051810825436e-54 6.239269736130360116e+02 4.370225025773189554e+04 1.180201842200317024e-82 3.055151510416782715e+12
2.322546560795878956e-01 4.663708842447662114e-42 9.341104923145576683e-58 5.813956113766752196e+02 4.171949737151391309e+04 9.168498832213373934e-91 3.321749810288736816e+12
2.514246634604994646e-01 2.011285234959123404e-46 4.588314585865583089e-62 5.417470352167783858e+02 3.982483056382065115e+04 1.828081098344059050e-99 3.611557122858804199e+12
2.721769391549392902e-01 4.173601927879862206e-51 1.084467400548464102e-66 5.047877215568731799e+02 3.801449913789524726e+04 8.458943231166575313e-109 3.926592027501567383e+12
2.946420816006781740e-01 3.948306453555697749e-56 1.168570796585047752e-71 4.703369415210206057e+02 3.628489756839194888e+04 8.152636891630013316e-119 4.269048678859817871e+12
3.189614686663848064e-01 1.606995213087492790e-61 5.417634666549203944e-77 4.382259381460235659e+02 3.463256124910441577e+04 1.457195998252899448e-129 4.641312107623598633e+12
3.452881473723032890e-01 2.644306931117146943e-67 1.015476229059030730e-82 4.082971541070225499e+02 3.305416222242348158e+04 4.264259990898166432e-141 5.045974865516206055e+12
3.737877970473565958e-01 1.645530538625879924e-73 7.198433570036093348e-89 3.804035071959107768e+02 3.154650491035300001e+04 1.787186847457763692e-153 5.485855136503693359e+12
4.046397719840272300e-01 3.604705987128057410e-80 1.796333894562888795e-95 3.544077109125918241e+02 3.010652186428470668e+04 9.292552773545577270e-167 5.964016448832830078e+12
4.380382301526589695e-01 2.573907098651880429e-87 1.461187347690148098e-102 3.301816376517088543e+02 2.873126954838612437e+04 5.138275624536772683e-181 6.483789136986628906e+12
4.741933550784227513e-01 5.515909349759471303e-95 3.567272780777361613e-110 3.076057220913272658e+02 2.741792416936009613e+04 2.561012862571458569e-196 7.048793719528331055e+12
5.133326785704669382e-01 3.246861976609745141e-103 2.392209818913386643e-118 2.865684025146694580e+02 2.616377756346650858e+04 9.635705497718479620e-213 7.662966378773233398e+12
5.557025126274716120e-01 4.773636105788073545e-112 4.006921633089648522e-127 2.669655979210856458e+02 2.496623315003071184e+04 2.262567340164872391e-230 8.330586752241188477e+12
6.015694995308863424e-01 1.583036323481635150e-121 1.513868688608308175e-136 2.487002189080209291e+02 2.382280195918193567e+04 2.703644763749241410e-249 9.056308275238203125e+12
6.512222898809176819e-01 1.061459026759734567e-131 1.156500799111433463e-146 2.316817104319704868e+02 2.273109874024717283e+04 1.321047897788310447e-269 9.845191350574466797e+12
7.049733591354915285e-01 1.279930877647174686e-142 1.588854614516229721e-157 2.158256246837494245e+02 2.168883815605649579e+04 2.087761633536346861e-291 1.070273966800307617e+13
7.631609740840683553e-01 0.000000000000000000e+00 1.588854614516229629e-163 2.010532224424701724e+02 2.069383106737921116e+04 2.087761633536347074e-297 7.051633497747105821e+02
8.261513216317264430e-01 0.000000000000000000e+00 1.588854614516229629e-163 1.872911014042907141e+02 1.974398091079327060e+04 2.087761633536347074e-297 7.051633497747105821e+02
8.943408132904115959e-01 0.000000000000000000e+00 1.588854614516229629e-163 1.744708501172774788e+02 1.883728017248023389e+04 2.087761633536347074e-297 7.051633497747105821e+02
9.681585798799967613e-01 0.000000000000000000e+00 1.588854614516229629e-163 1.625287262938006450e+02 1.797180695972477042e+04 2.087761633536347074e-297 7.051633497747105821e+02
1.048069172138833993e+00 0.000000000000000000e+00 1.588854614516229629e-163 1.514053584178976166e+02 1.714572167127045032e+04 2.087761633536347074e-297 7.051633497747105821e+02
1.134575484239299215e+00 0.000000000000000000e+00 1.588854614516229629e-163 1.410454697179877428e+02 1.635726376713432728e+04 2.087761633536347074e-297 7.051633497747105821e+02
1.228221918606648977e+00 0.000000000000000000e+00 1.588854614516229629e-163 1.313976237355792307e+02 1.560474863800235107e+04 2.087761633536347074e-297 7.051633497747105821e+02
