# R (au) ne f T_c (K) Sigma (g/cm²) EM (cm⁻⁶ pc) z_arr_mid_f (au)
4.779422919954704179e-04 2.272311004891411719e+13 6.022535821023918641e-04 6.264225962605380118e+03 6.235955819127414657e+01 1.020103570205446560e+17 6.570155979590116739e+08
5.173910480284310250e-04 6.015477221090263040e+17 9.991183357066499848e-01 5.198117327189615753e+04 3.228659981711260571e+03 2.655757960646565443e+26 1.511583356422937393e+09
5.600958547993388796e-04 6.909939643614494720e+17 9.994366566024240894e-01 6.334745847212873196e+04 4.609935664466682283e+03 4.360095867031943443e+26 1.879484864505335808e+09
6.063254626434195658e-04 7.074561722845757440e+17 9.995359096872948879e-01 6.882404618768802902e+04 5.540483918881512182e+03 5.366250227307034131e+26 2.206528331359694004e+09
6.563708042107633915e-04 6.910072007891353600e+17 9.995856891072635309e-01 7.133992541853377770e+04 6.205410276716880617e+03 5.871073047837134930e+26 2.530293531946498871e+09
7.105468253667106835e-04 6.577716636432465920e+17 9.996153588262178813e-01 7.206827797529441887e+04 6.686842851206620253e+03 6.022564688007674069e+26 2.864453818239950180e+09
7.691944672124583458e-04 6.160242895840870400e+17 9.996343049332265807e-01 7.162930324713498703e+04 7.031921680087075401e+03 5.931544974213895414e+26 3.216475799046504498e+09
8.326828116991500132e-04 5.704906096607232000e+17 9.996464523040671235e-01 7.039931474150526628e+04 7.271490420255929166e+03 5.680313924889226037e+26 3.591569816352396488e+09
9.014114043382604304e-04 5.240093461539717120e+17 9.996536814130460025e-01 6.862593155120508163e+04 7.427384574406371030e+03 5.329358601179467726e+26 3.994012281750774860e+09
9.758127686255745926e-04 4.783167196681994240e+17 9.996569328394622200e-01 6.648074402741379163e+04 7.515882976146715919e+03 4.922557774828752650e+26 4.427701939593934059e+09
1.056355128002557696e-03 4.344659509379072000e+17 9.996566356627040184e-01 6.408682260980336287e+04 7.549565021144602724e+03 4.491213501295545082e+26 4.896434897466410637e+09
1.143545352485003577e-03 3.930714716405760000e+17 9.996528892614483519e-01 6.153450938522181241e+04 7.538405748347985536e+03 4.057165310872958693e+26 5.404059948816246986e+09
1.237932148502700119e-03 3.544597736903802880e+17 9.996455373791155452e-01 5.889114500682995276e+04 7.490467686961403160e+03 3.635187768094717683e+26 5.954577589185691833e+09
1.340109512024454871e-03 3.187666074522746880e+17 9.996341849235974575e-01 5.620739476837093389e+04 7.412362202200693901e+03 3.234829249504296043e+26 6.552210779648511887e+09
1.450720466699718545e-03 2.860015243485511680e+17 9.996181754920071549e-01 5.352154335774954234e+04 7.309570754045505964e+03 2.861816008650760237e+26 7.201461089656757355e+09
1.570461110541720735e-03 2.560916463455436800e+17 9.995965327249902721e-01 5.086251282488341531e+04 7.186676665045417394e+03 2.519118898193379215e+26 7.907157381631329536e+09
1.700084996618747091e-03 2.289117624665374720e+17 9.995678591127016288e-01 4.825204360977849137e+04 7.047537300577205315e+03 2.207758917716185218e+26 8.674501072247545242e+09
1.840407875322155971e-03 2.043051847873986560e+17 9.995301766981228297e-01 4.570630737236335699e+04 6.895415160048039979e+03 1.927410966290966549e+26 9.509110401382213593e+09
1.992312828055259333e-03 1.820982310429982720e+17 9.994806820475052866e-01 4.323712248431113403e+04 6.733079774493618970e+03 1.676852171706106970e+26 1.041706527791558456e+10
2.156755824650410241e-03 1.621102426164592640e+17 9.994153692668500399e-01 4.085288457745866617e+04 6.562888319521225640e+03 1.454291193660003580e+26 1.140495379244445801e+10
2.334771739488321948e-03 1.441604383723192320e+17 9.993284443191778887e-01 3.855928829620867327e+04 6.386850357148667172e+03 1.257606943053400127e+26 1.247992121504892731e+10
2.527480864180301889e-03 1.280725063849410560e+17 9.992114020253157758e-01 3.635989318757737783e+04 6.206680507976231638e+03 1.084518673015252626e+26 1.364972214166653824e+10
2.736095957799115214e-03 1.136775671551672320e+17 9.990515469442133867e-01 3.425657136532989534e+04 6.023841784258212101e+03 9.327043377727580333e+25 1.492277636731228065e+10
2.961929879027015104e-03 1.008159557623398400e+17 9.988295793317651938e-01 3.224986424592843468e+04 5.839581585276486294e+03 7.998803531599301141e+25 1.630822902171400642e+10
3.206403848251694610e-03 8.933813676747161600e+16 9.985155781965989741e-01 3.033926850711803490e+04 5.654961848797075618e+03 6.838531357519096999e+25 1.781601548770669556e+10
3.471056391605246202e-03 7.910496456976793600e+16 9.980621813212496862e-01 2.852346637859081966e+04 5.470884491867328506e+03 5.825508187531155524e+25 1.945693162604739761e+10
3.757553023232860796e-03 6.998741825100390400e+16 9.973927668370492494e-01 2.680051175269842133e+04 5.288113013480564405e+03 4.940422262770747613e+25 2.124270984687772369e+10
4.067696726723811322e-03 6.186586014497792000e+16 9.963805552451651115e-01 2.516798095859261593e+04 5.107290939937544863e+03 4.165494599516889158e+25 2.318610159469184113e+10
4.403439301666564436e-03 5.462877684086272000e+16 9.948109556591185898e-01 2.362309508300224843e+04 4.928957650650206233e+03 3.484602127838822314e+25 2.530096684846379089e+10
4.766893646734317487e-03 4.817084420918886400e+16 9.923126752122759520e-01 2.216281924821890789e+04 4.753562013845680667e+03 2.883459773578445720e+25 2.760237128044781876e+10
5.160347056600951381e-03 4.239000711759180800e+16 9.882306843536177166e-01 2.078394313784500628e+04 4.581474178625076092e+03 2.349922410488520214e+25 3.087865822102363586e+10
5.586275616367721540e-03 3.718313092096307200e+16 9.813937180714941144e-01 1.948314619945600862e+04 4.412995805455864684e+03 1.874456678073951192e+25 3.367357024339958954e+10
6.047359784087818525e-03 3.243995641118963200e+16 9.697053695263837536e-01 1.825705028406136626e+04 4.248368966703310434e+03 1.450792044257876505e+25 3.671470969107327271e+10
6.546501259452963163e-03 2.803661300959878400e+16 9.495023135364336619e-01 1.710226195742150230e+04 4.087783908832446741e+03 1.076646877004006969e+25 4.002365462649153900e+10
7.086841244800141069e-03 2.383536940471872000e+16 9.148333834122355235e-01 1.601540630323445657e+04 3.931385835957302788e+03 7.541529604711690961e+24 4.471445929393640900e+10
7.671780213358908238e-03 1.970864570450531200e+16 8.575433630105715466e-01 1.499315370744841130e+04 3.779280848647026232e+03 4.890926055477767353e+24 4.872935602509948730e+10
8.304999309144970449e-03 1.560870887866357600e+16 7.701346720300177306e-01 1.403224084752113959e+04 3.631541150953717988e+03 2.876657172254119885e+24 5.568746672037030029e+10
8.990483513174087060e-03 1.165397893329400200e+16 6.522105996751410562e-01 1.312948689607420965e+04 3.488209621473737570e+03 1.507806301117268275e+24 6.208221694441069794e+10
9.732546721786144647e-03 8.115650023597874000e+15 5.152967126838028378e-01 1.228180577425324373e+04 3.349303830108637612e+03 6.975522867185577089e+23 7.070412959875630188e+10
1.053585889490258644e-02 5.256634948018126000e+15 3.787584716864236811e-01 1.148621514791066147e+04 3.214819570450700667e+03 2.846402591049706059e+23 8.203620504143402100e+10
1.140547544506687397e-02 3.177043114121721000e+15 2.598317352885605724e-01 1.073984274306318548e+04 3.084733967913924516e+03 1.029973741850200239e+23 9.299408340632289124e+10
1.234686905221940925e-02 1.801626353773372500e+15 1.672772652625711953e-01 1.003993046094828424e+04 2.959008215498626214e+03 3.329019265713892963e+22 1.032571299046179199e+11
1.336596410442401732e-02 9.635916036553206250e+14 1.015901894587306620e-01 9.383836693491120968e+03 2.837589982128733936e+03 9.671639547352109285e+21 1.145994718179077301e+11
1.446917398128867716e-02 4.879040890461902500e+14 5.841959271628478778e-02 8.769037173997010541e+03 2.720415532606703437e+03 2.535823577608417182e+21 1.271309855222952576e+11
1.566344141471289267e-02 2.343503050557021562e+14 3.187346228316994406e-02 8.193124642937289536e+03 2.607411593209085822e+03 6.008687494562012201e+20 1.409724803860295105e+11
1.695628218096054129e-02 1.068225308616598906e+14 1.650579715527549993e-02 7.653807562824013985e+03 2.498496992649089862e+03 1.285346902053969265e+20 1.534664694031351929e+11
1.835583239902137398e-02 4.616467073186551562e+13 8.105126197955928383e-03 7.148908077781025895e+03 2.393584104441981708e+03 2.474339680975050752e+19 1.670551087841372070e+11
1.987089973291985764e-02 1.887600562355375781e+13 3.766166164638371557e-03 6.676359381226995538e+03 2.292580113527728372e+03 4.265364440860657152e+18 1.818339322497130432e+11
2.151101882019829797e-02 7.280974725667500000e+12 1.651117151321047829e-03 6.234202628042931792e+03 2.195388127253595030e+03 6.542688677147034880e+17 1.979067955737100830e+11
2.328651127539721130e-02 2.639823290515189453e+12 6.804853447328367737e-04 5.820583504844973504e+03 2.101908148431862173e+03 8.863465132293305600e+16 2.153866018920970764e+11
2.520855064614751367e-02 8.958816593841776123e+11 2.625450388881977711e-04 5.433748552819306497e+03 2.012037926110217541e+03 1.051521981137236200e+16 2.343960904244757996e+11
2.728923273065706964e-02 2.832660863369758301e+11 9.438609359493520170e-05 5.072041321419633277e+03 1.925673697879656629e+03 1.082290936594538125e+15 2.550686942082585449e+11
2.954165169911399103e-02 8.302251618866270447e+10 3.145705620634224077e-05 4.733898417598432388e+03 1.842710835959120459e+03 9.566826220618709375e+13 2.775494729529342041e+11
3.197998249805506649e-02 2.243164801861696243e+10 9.665810444459960109e-06 4.417845503741787979e+03 1.763044407905868866e+03 7.183294511971925781e+12 3.019961276781119385e+11
3.461957005628707451e-02 5.554075140256738663e+09 2.721997361413385541e-06 4.122493287771915675e+03 1.686569661579190097e+03 4.527735471188687744e+11 3.285801044095665283e+11
3.747702585375268375e-02 1.252204961996842146e+09 6.980589861711700256e-07 3.846533540692959832e+03 1.613182442909656857e+03 2.365521054001576996e+10 3.574877948784364624e+11
4.057033246106932223e-02 2.553141873687309027e+08 1.619095173991407912e-07 3.588735169951516127e+03 1.542779554077673765e+03 1.010510387244993091e+09 3.889218429069494019e+11
4.391895670763004689e-02 4.673198660955393314e+07 3.371557588856040754e-08 3.347940371167523608e+03 1.475259058867093927e+03 3.478306639560557902e+07 4.231025659774854736e+11
4.754397219045716078e-02 7.618386529080091044e+06 6.253667075753174700e-09 3.123060875898568156e+03 1.410520541218098970e+03 9.497022700999442022e+05 4.602695023795196533e+11
5.146819189478284151e-02 1.096831850971855456e+06 1.024476896838671423e-09 2.913074308991889666e+03 1.348465322346400399e+03 2.022462071979514803e+04 5.006830953214252319e+11
5.571631176096563526e-02 1.381959983744014753e+05 1.468863508835255152e-10 2.717020665635604928e+03 1.288996641212635268e+03 3.299082929488794207e+02 5.446265264933117676e+11
6.031506610123970463e-02 1.509007731566216171e+04 1.825296622375933628e-11 2.533998915343691806e+03 1.232019802607727797e+03 4.042970540361281451e+00 5.924077127869621582e+11
6.529339584436752442e-02 1.413129749383980879e+03 1.945409119156283393e-12 2.363163737713430237e+03 1.177442296659079375e+03 3.645561329091141778e-02 6.443614812356977539e+11
7.068263066699416453e-02 1.122254282204725229e+02 1.758477731104473614e-13 2.203722392807047527e+03 1.125173893152116079e+03 2.365325827015031155e-04 7.008519387494906006e+11
7.651668615789543326e-02 7.467758468684928985e+00 1.331929652182752166e-14 2.054931727369675173e+03 1.075126713695946592e+03 1.078163886564247374e-06 7.622750549109263916e+11
8.283227725591452151e-02 4.110291734730626145e-01 8.345202523101407575e-16 1.916095316751355995e+03 1.027215284435674675e+03 3.365113049265245979e-09 8.290614779914113770e+11
8.966914930479796819e-02 1.845561936884110646e-02 4.265726493966666575e-17 1.786560741306636601e+03 9.813565717226284733e+02 6.996595002622759336e-12 9.016796064746944580e+11
9.707032817900745902e-02 6.660663369061566074e-04 1.752702512518966278e-18 1.665716995163465754e+03 9.374700028936165381e+02 9.408908117803690174e-15 9.806389407718350830e+11
1.050823910546011958e-01 1.901685092216212427e-05 5.697459117564049427e-20 1.552992024550885162e+03 8.954774740777517081e+02 7.929283480017573394e-18 1.066493742520146973e+12
1.137557595292044282e-01 4.222803554673216931e-07 1.440523647586847675e-21 1.447850392324485938e+03 8.553033467413685003e+02 4.048269860921264097e-21 1.159847031927783936e+12
1.231450169357330149e-01 7.161280105888666870e-09 2.781708672948420398e-23 1.349791064906101610e+03 8.168744344954667440e+02 1.207538242313242656e-24 1.261354957113681396e+12
1.333092518467933196e-01 9.095742596309259917e-11 4.023322669559807748e-25 1.258345317539118469e+03 7.801199815234912194e+02 2.024284076321435491e-28 1.371731573368308105e+12
1.443124299315033665e-01 8.473882873990264181e-13 4.268535746258347261e-27 1.173074753535868467e+03 7.449716338380828802e+02 1.829535051006355536e-32 1.491754074804938721e+12
1.562237965049089183e-01 5.662851578285954169e-15 3.248668306350081321e-29 1.093569433043722256e+03 7.113634044418056419e+02 8.527270969909153142e-37 1.622268526079264648e+12
1.691183123033213331e-01 2.650593091644086576e-17 1.731852882946405586e-31 1.019446106769085645e+03 6.792316333471432017e+02 1.954543551733770778e-41 1.764196147838988770e+12
1.830771252280059547e-01 8.471290368853789997e-20 6.304337536048009614e-34 9.503465500624777178e+02 6.485149433037853441e+02 2.094101950737977446e-46 1.918540216455710449e+12
1.981880810259997183e-01 1.799102488081433285e-22 1.525078882661634100e-36 8.859359927740759986e+02 6.191541919851217699e+02 9.933983753029326671e-52 2.086393646541808350e+12
2.145462761218825398e-01 2.466503906618072889e-25 2.381715052394269266e-39 8.259016403293876465e+02 5.910924212997114182e+02 1.969255207686062694e-57 2.268947333943055664e+12
2.322546560795878956e-01 2.116540674574026606e-28 2.328262675659012815e-42 7.699512815424840255e+02 5.642748044163283794e+02 1.533758358603869262e-63 2.467499347528220703e+12
2.514246634604994646e-01 1.100097704408116389e-31 1.378671018996817100e-45 7.178119787736344506e+02 5.386485910220313826e+02 4.395188709141599121e-70 2.683465070405190918e+12
2.721769391549392902e-01 3.344582339022001195e-35 4.775546615424274740e-49 6.692288361444135489e+02 5.141630512707714615e+02 4.321604337742086614e-77 2.918388405445625977e+12
2.946420816006781740e-01 5.731604765432366800e-39 9.324775059560186177e-53 6.239638416423390481e+02 4.907694188245656051e+02 1.353832359954952114e-84 3.173954176495940918e+12
3.189614686663848064e-01 5.323455649191302633e-43 9.868870050394623290e-57 5.817947790755185906e+02 4.684208333396264834e+02 1.249130410728086761e-92 3.452001875721343262e+12
3.452881473723032890e-01 2.570812133734335693e-47 5.431107612409397368e-61 5.425142059728422055e+02 4.470722827053744481e+02 3.123643293795698551e-101 3.754540929529384766e+12
3.737877970473565958e-01 6.178477343191363497e-52 1.487574120471577805e-65 5.059284936649170845e+02 4.266805453045232071e+02 1.939087108815406550e-110 4.083767680826874023e+12
4.046397719840272300e-01 7.056537347200421818e-57 1.936445304293134337e-70 4.718569259235708273e+02 4.072041325268893956e+02 2.724301824021030845e-120 4.442084314363208008e+12
4.380382301526589695e-01 3.648854173955292056e-62 1.141370854142217825e-75 4.401308526823671059e+02 3.886032317378342782e+02 7.860495512996233348e-131 4.832119984975964844e+12
4.741933550784227513e-01 8.119648620701284211e-68 2.895394421418545307e-81 4.105928955067063839e+02 3.708396498739018057e+02 4.207310268485989055e-142 5.256754446012823242e+12
5.133326785704669382e-01 7.374474780489586401e-74 2.998120579636671176e-87 3.830962016298557273e+02 3.538767578129535991e+02 3.756777677321891186e-154 5.719144517311323242e+12
5.557025126274716120e-01 2.587144484313630939e-80 1.199327126930650141e-93 3.575037435212860828e+02 3.376794356435655118e+02 5.011348914192824464e-167 6.222753779003574219e+12
6.015694995308863424e-01 3.311654187169585480e-87 1.750721577979784010e-100 3.336876611073182630e+02 3.222140189384191444e+02 8.908699805170538728e-181 6.771385929019272461e+12
6.512222898809176819e-01 1.458462418215708264e-94 8.793947120890416965e-108 3.115286439230598035e+02 3.074482461185934312e+02 1.876295952774855694e-195 7.369222298176303711e+12
7.049733591354915285e-01 2.080840002370632289e-102 1.431234956901385843e-115 2.909153506413203445e+02 2.933512069798474045e+02 4.150358372365692766e-211 8.020864076535472656e+12
7.631609740840683553e-01 9.046332184081331378e-111 7.099077099089368027e-124 2.717438636013085898e+02 2.798932924379623159e+02 8.529206786808281857e-228 8.731379867219355469e+12
8.261513216317264430e-01 1.126445844469189353e-119 1.008735244922047554e-132 2.539171761503510254e+02 2.670461455378101050e+02 1.438653043370690921e-245 9.506359247671044922e+12
8.943408132904115959e-01 3.775735006149886438e-129 3.859169211528397766e-142 2.373447108182462557e+02 2.547826137598586058e+02 1.759121517738437423e-264 1.035197308141427930e+13
9.681585798799967613e-01 3.203198557018018298e-139 3.737641453087414467e-152 2.219418665681847358e+02 2.430767026481724997e+02 1.378420977479928071e-284 1.127504138342057422e+13
1.048069172138833993e+00 0.000000000000000000e+00 0.000000000000000000e+00 2.076295936109268325e+02 2.319035307754920154e+02 0.000000000000000000e+00 0.000000000000000000e+00
1.134575484239299215e+00 0.000000000000000000e+00 0.000000000000000000e+00 1.943339945284168948e+02 2.212392860535337320e+02 0.000000000000000000e+00 0.000000000000000000e+00
1.228221918606648977e+00 0.000000000000000000e+00 0.000000000000000000e+00 1.819859507242442476e+02 2.110611833901682814e+02 0.000000000000000000e+00 0.000000000000000000e+00
