# Frequency (Hz) Flux Density (mJy)
1.000000e+09 1.879202e-06
1.071891e+09 2.136643e-06
1.148951e+09 2.431991e-06
1.231551e+09 2.755815e-06
1.320088e+09 3.120404e-06
1.414991e+09 3.548450e-06
1.516717e+09 4.030570e-06
1.625756e+09 4.567702e-06
1.742633e+09 5.214449e-06
1.867914e+09 5.918973e-06
2.002200e+09 6.725321e-06
2.146141e+09 7.669788e-06
2.300430e+09 8.770518e-06
2.465811e+09 9.992830e-06
2.643081e+09 1.144470e-05
2.833096e+09 1.309933e-05
3.036771e+09 1.496744e-05
3.255089e+09 1.710891e-05
3.489101e+09 1.972882e-05
3.739937e+09 2.267406e-05
4.008806e+09 2.607860e-05
4.297005e+09 2.997472e-05
4.605922e+09 3.438350e-05
4.937048e+09 3.944900e-05
5.291979e+09 4.561968e-05
5.672426e+09 5.233290e-05
6.080224e+09 6.006508e-05
6.517340e+09 6.909491e-05
6.985880e+09 7.923546e-05
7.488104e+09 9.098136e-05
8.026434e+09 1.044732e-04
8.603464e+09 1.193286e-04
9.221979e+09 1.364420e-04
9.884959e+09 1.552818e-04
1.059560e+10 1.764835e-04
1.135733e+10 2.016829e-04
1.217383e+10 2.287402e-04
1.304902e+10 2.598310e-04
1.398713e+10 2.941048e-04
1.499268e+10 3.340014e-04
1.607053e+10 3.806962e-04
1.722586e+10 4.317563e-04
1.846425e+10 4.912710e-04
1.979167e+10 5.590448e-04
2.121452e+10 6.374120e-04
2.273966e+10 7.247859e-04
2.437444e+10 8.258882e-04
2.612675e+10 9.422390e-04
2.800504e+10 1.077161e-03
3.001836e+10 1.232582e-03
3.217642e+10 1.411623e-03
3.448962e+10 1.617827e-03
3.696913e+10 1.855103e-03
3.962689e+10 2.128399e-03
4.247572e+10 2.442716e-03
4.552935e+10 2.803288e-03
4.880252e+10 3.215624e-03
5.231099e+10 3.685359e-03
5.607170e+10 4.218371e-03
6.010277e+10 4.821012e-03
6.442364e+10 5.500488e-03
6.905514e+10 6.265336e-03
7.401960e+10 7.125944e-03
7.934097e+10 8.095076e-03
8.504489e+10 9.188358e-03
9.115888e+10 1.042473e-02
9.771242e+10 1.182686e-02
1.047371e+11 1.342156e-02
1.122668e+11 1.524015e-02
1.203378e+11 1.731886e-02
1.289890e+11 1.969923e-02
1.382622e+11 2.242834e-02
1.482021e+11 2.555872e-02
1.588565e+11 2.914733e-02
1.702769e+11 3.325297e-02
1.825183e+11 3.793175e-02
1.956398e+11 4.323025e-02
2.097046e+11 4.917677e-02
2.247806e+11 5.577173e-02
2.409404e+11 6.297918e-02
2.582619e+11 7.072261e-02
2.768287e+11 7.888887e-02
2.967302e+11 8.734429e-02
3.180626e+11 9.596554e-02
3.409285e+11 1.046864e-01
3.654383e+11 1.135591e-01
3.917101e+11 1.228258e-01
4.198707e+11 1.329952e-01
4.500558e+11 1.449136e-01
4.824109e+11 1.598180e-01
5.170920e+11 1.793566e-01
5.542665e+11 2.055595e-01
5.941134e+11 2.407497e-01
6.368250e+11 2.873923e-01
6.826072e+11 3.479010e-01
7.316807e+11 4.244361e-01
7.842822e+11 5.187510e-01
8.406653e+11 6.321446e-01
9.011018e+11 7.655642e-01
9.658832e+11 9.198654e-01
1.035322e+12 1.096188e+00
1.109752e+12 1.296366e+00
1.189534e+12 1.523270e+00
1.275051e+12 1.781024e+00
1.366716e+12 2.075067e+00
1.464971e+12 2.412096e+00
1.570290e+12 2.799915e+00
1.683180e+12 3.247385e+00
1.804186e+12 3.764374e+00
1.933892e+12 4.361773e+00
2.072922e+12 5.051598e+00
2.221947e+12 5.847148e+00
2.381686e+12 6.763210e+00
2.552908e+12 7.816300e+00
2.736440e+12 9.024931e+00
2.933166e+12 1.040990e+01
3.144035e+12 1.199457e+01
3.370064e+12 1.380518e+01
3.612343e+12 1.587114e+01
3.872039e+12 1.822530e+01
4.150405e+12 2.090422e+01
4.448783e+12 2.394840e+01
4.768612e+12 2.740251e+01
5.111433e+12 3.131549e+01
5.478901e+12 3.574055e+01
5.872787e+12 4.073504e+01
6.294989e+12 4.635994e+01
6.747544e+12 5.267905e+01
7.232634e+12 5.975751e+01
7.752597e+12 6.765957e+01
8.309942e+12 7.644526e+01
8.907355e+12 8.616598e+01
9.547716e+12 9.685865e+01
1.023411e+13 1.085388e+02
1.096986e+13 1.211927e+02
1.175850e+13 1.347699e+02
1.260383e+13 1.491763e+02
1.350994e+13 1.642696e+02
1.448118e+13 1.798585e+02
1.552225e+13 1.957056e+02
1.663817e+13 2.115346e+02
1.783431e+13 2.270427e+02
1.911644e+13 2.419140e+02
2.049075e+13 2.558364e+02
2.196385e+13 2.685164e+02
2.354286e+13 2.796932e+02
2.523539e+13 2.891493e+02
2.704960e+13 2.967174e+02
2.899423e+13 3.022836e+02
3.107866e+13 3.057866e+02
3.331295e+13 3.072148e+02
3.570786e+13 3.066005e+02
3.827494e+13 3.040137e+02
4.102658e+13 2.995544e+02
4.397604e+13 2.933464e+02
4.713753e+13 2.855303e+02
5.052631e+13 2.762586e+02
5.415871e+13 2.656909e+02
5.805226e+13 2.539908e+02
6.222571e+13 2.413230e+02
6.669920e+13 2.278523e+02
7.149429e+13 2.137422e+02
7.663411e+13 1.991544e+02
8.214344e+13 1.842489e+02
8.804884e+13 1.691836e+02
9.437878e+13 1.541142e+02
1.011638e+14 1.391934e+02
1.084366e+14 1.245705e+02
1.162322e+14 1.103892e+02
1.245883e+14 9.678612e+01
1.335452e+14 8.388807e+01
1.431459e+14 7.180867e+01
1.534368e+14 6.064512e+01
1.644676e+14 5.047457e+01
1.762914e+14 4.135097e+01
1.889652e+14 3.352392e+02
2.025502e+14 1.152575e+03
2.171118e+14 1.274850e+03
2.327202e+14 1.143689e+03
2.494508e+14 9.499638e+02
2.673842e+14 7.566998e+02
2.866068e+14 5.843216e+02
3.072113e+14 4.387493e+02
3.292971e+14 3.203703e+02
3.529707e+14 2.271970e+02
3.783463e+14 1.561615e+02
4.055461e+14 1.037632e+02
4.347013e+14 6.645024e+01
4.659526e+14 4.087493e+01
4.994505e+14 2.406019e+01
5.353567e+14 1.349779e+01
5.738442e+14 7.185581e+00
6.150986e+14 3.613302e+00
6.593188e+14 1.708088e+00
7.067181e+14 7.553181e-01
7.575250e+14 3.108573e-01
8.119845e+14 1.184589e-01
8.703591e+14 4.158116e-02
9.329304e+14 1.337498e-02
1.000000e+15 3.922029e-03
